
> First Solve, disconnected reactive stages
------------------------------------------------------------------------------------------------------------
stages       T      Q           r_FT   Conv%  F      cat         V       Re      L       P            P_VLE 
React[1]     220.0  -43.2       0.266  0.815  1.000  3000.       0.0000  0.0000  0.0000  0.0064       20.000
React[2]     220.0  -43.2       0.266  0.815  1.000  3000.       0.0000  0.0000  0.0000  0.0064       20.000
React[3]     220.0  -43.2       0.266  0.815  1.000  3000.       0.0000  0.0000  0.0000  0.0064       20.000
React[4]     220.0  -43.2       0.266  0.815  1.000  3000.       0.0000  0.0000  0.0000  0.0064       20.000
React[5]     220.0  -43.2       0.266  0.815  1.000  3000.       0.0000  0.0000  0.0000  0.0064       20.000
React[6]     220.0  -43.2       0.266  0.815  1.000  3000.       0.0000  0.0000  0.0000  0.0064       20.000
React[7]     220.0  -43.2       0.266  0.815  1.000  3000.       0.0000  0.0000  0.0000  0.0064       20.000
React[8]     220.0  -43.2       0.266  0.815  1.000  3000.       0.0000  0.0000  0.0000  0.0064       20.000
React[9]     220.0  -43.2       0.266  0.815  1.000  3000.       0.0000  0.0000  0.0000  0.0064       20.000
React[10]    220.0  -43.2       0.266  0.815  1.000  3000.       0.0000  0.0000  0.0000  0.0064       20.000
React[11]    220.0  -43.2       0.266  0.815  1.000  3000.       0.0000  0.0000  0.0000  0.0064       20.000
React[12]    220.0  -43.2       0.266  0.815  1.000  3000.       0.0000  0.0000  0.0000  0.0064       20.000
React[13]    220.0  -43.2       0.266  0.815  1.000  3000.       0.0000  0.0000  0.0000  0.0064       20.000
React[14]    220.0  -43.2       0.266  0.815  1.000  3000.       0.0000  0.0000  0.0000  0.0064       20.000
React[15]    220.0  -43.2       0.266  0.815  1.000  3000.       0.0000  0.0000  0.0000  0.0064       20.000
React[16]    220.0  -43.2       0.266  0.815  1.000  3000.       0.0000  0.0000  0.0000  0.0064       20.000
React[17]    220.0  -43.2       0.266  0.815  1.000  3000.       0.0000  0.0000  0.0000  0.0064       20.000
React[18]    220.0  -43.2       0.266  0.815  1.000  3000.       0.0000  0.0000  0.0000  0.0064       20.000
React[19]    220.0  -43.2       0.266  0.815  1.000  3000.       0.0000  0.0000  0.0000  0.0064       20.000
React[20]    220.0  -43.2       0.266  0.815  1.000  3000.       0.0000  0.0000  0.0000  0.0064       20.000
============================================================================================================
2018-10-01 19:13:20 - Function time
Elapsed time: 0:00:45
Total time:   0:00:45
============================================================================================================
EXIT: Optimal Solution Found.
Iteration Count: 127


> Connect stages and solve with 0 inter-stage flow
============================================================================================================
2018-10-01 19:13:32 - Function time
Elapsed time: 0:00:12
Total time:   0:00:57
============================================================================================================
EXIT: Optimal Solution Found.
Iteration Count: 7


> Working on PR ratio = 0.80
------------------------------------------------------------------------------------------------------------
stages       T      Q           r_FT   Conv%  F      cat         V       Re      L       P            P_VLE 
React[1]     220.0  -43.2       0.266  0.779  1.000  3000.       0.1194  0.0000  0.0012  0.0051       20.000
React[2]     220.0  -43.2       0.266  0.779  1.000  3000.       0.1194  0.0000  0.0015  0.0061       20.000
React[3]     220.0  -43.2       0.266  0.779  1.000  3000.       0.1194  0.0000  0.0015  0.0063       20.000
React[4]     220.0  -43.2       0.266  0.779  1.000  3000.       0.1194  0.0000  0.0016  0.0064       20.000
React[5]     220.0  -43.2       0.266  0.779  1.000  3000.       0.1194  0.0000  0.0016  0.0064       20.000
React[6]     220.0  -43.2       0.266  0.779  1.000  3000.       0.1194  0.0000  0.0016  0.0064       20.000
React[7]     220.0  -43.2       0.266  0.779  1.000  3000.       0.1194  0.0000  0.0016  0.0064       20.000
React[8]     220.0  -43.2       0.266  0.779  1.000  3000.       0.1194  0.0000  0.0016  0.0064       20.000
React[9]     220.0  -43.2       0.266  0.779  1.000  3000.       0.1194  0.0000  0.0016  0.0064       20.000
React[10]    220.0  -43.2       0.266  0.779  1.000  3000.       0.1194  0.0000  0.0016  0.0064       20.000
React[11]    220.0  -43.2       0.266  0.779  1.000  3000.       0.1194  0.0000  0.0016  0.0064       20.000
React[12]    220.0  -43.2       0.266  0.779  1.000  3000.       0.1194  0.0000  0.0016  0.0064       20.000
React[13]    220.0  -43.2       0.266  0.779  1.000  3000.       0.1194  0.0000  0.0016  0.0064       20.000
React[14]    220.0  -43.2       0.266  0.779  1.000  3000.       0.1194  0.0000  0.0016  0.0064       20.000
React[15]    220.0  -43.2       0.266  0.779  1.000  3000.       0.1194  0.0000  0.0016  0.0064       20.000
React[16]    220.0  -43.2       0.266  0.779  1.000  3000.       0.1193  0.0000  0.0016  0.0064       20.000
React[17]    220.0  -43.2       0.266  0.779  1.000  3000.       0.1192  0.0000  0.0016  0.0064       20.000
React[18]    220.0  -43.2       0.266  0.780  1.000  3000.       0.1184  0.0000  0.0016  0.0064       20.000
React[19]    220.0  -43.2       0.266  0.786  1.000  3000.       0.1146  0.0000  0.0016  0.0064       20.000
React[20]    220.0  -43.2       0.266  0.815  1.000  3000.       0.0955  0.0000  0.0016  0.0064       20.000
============================================================================================================
2018-10-01 19:13:45 - Function time
Elapsed time: 0:00:14
Total time:   0:01:11
============================================================================================================
EXIT: Optimal Solution Found.
Iteration Count: 11


> Working on PR ratio = 0.60
------------------------------------------------------------------------------------------------------------
stages       T      Q           r_FT   Conv%  F      cat         V       Re      L       P            P_VLE 
React[1]     220.0  -43.2       0.266  0.725  1.000  3000.       0.3184  0.0000  0.0025  0.0038       20.000
React[2]     220.0  -43.2       0.266  0.725  1.000  3000.       0.3184  0.0000  0.0036  0.0054       20.000
React[3]     220.0  -43.2       0.266  0.725  1.000  3000.       0.3184  0.0000  0.0040  0.0060       20.000
React[4]     220.0  -43.2       0.266  0.725  1.000  3000.       0.3184  0.0000  0.0041  0.0062       20.000
React[5]     220.0  -43.2       0.266  0.725  1.000  3000.       0.3184  0.0000  0.0042  0.0063       20.000
React[6]     220.0  -43.2       0.266  0.725  1.000  3000.       0.3184  0.0000  0.0042  0.0064       20.000
React[7]     220.0  -43.2       0.266  0.725  1.000  3000.       0.3184  0.0000  0.0042  0.0064       20.000
React[8]     220.0  -43.2       0.266  0.725  1.000  3000.       0.3184  0.0000  0.0042  0.0064       20.000
React[9]     220.0  -43.2       0.266  0.725  1.000  3000.       0.3184  0.0000  0.0042  0.0064       20.000
React[10]    220.0  -43.2       0.266  0.725  1.000  3000.       0.3183  0.0000  0.0042  0.0064       20.000
React[11]    220.0  -43.2       0.266  0.725  1.000  3000.       0.3183  0.0000  0.0042  0.0064       20.000
React[12]    220.0  -43.2       0.266  0.725  1.000  3000.       0.3183  0.0000  0.0042  0.0064       20.000
React[13]    220.0  -43.2       0.266  0.725  1.000  3000.       0.3182  0.0000  0.0042  0.0064       20.000
React[14]    220.0  -43.2       0.266  0.726  1.000  3000.       0.3178  0.0000  0.0042  0.0064       20.000
React[15]    220.0  -43.2       0.266  0.726  1.000  3000.       0.3171  0.0000  0.0042  0.0064       20.000
React[16]    220.0  -43.2       0.266  0.727  1.000  3000.       0.3151  0.0000  0.0042  0.0064       20.000
React[17]    220.0  -43.2       0.266  0.730  1.000  3000.       0.3102  0.0000  0.0042  0.0064       20.000
React[18]    220.0  -43.2       0.266  0.738  1.000  3000.       0.2980  0.0000  0.0042  0.0064       20.000
React[19]    220.0  -43.2       0.266  0.759  1.000  3000.       0.2674  0.0000  0.0042  0.0064       20.000
React[20]    220.0  -43.2       0.266  0.815  1.000  3000.       0.1910  0.0000  0.0042  0.0064       20.000
============================================================================================================
2018-10-01 19:13:57 - Function time
Elapsed time: 0:00:12
Total time:   0:01:23
============================================================================================================
EXIT: Optimal Solution Found.
Iteration Count: 6


> Working on PR ratio = 0.40
------------------------------------------------------------------------------------------------------------
stages       T      Q           r_FT   Conv%  F      cat         V       Re      L       P            P_VLE 
React[1]     220.0  -43.2       0.266  0.638  1.000  3000.       0.7163  0.0000  0.0038  0.0025       20.000
React[2]     220.0  -43.2       0.266  0.638  1.000  3000.       0.7163  0.0000  0.0061  0.0041       20.000
React[3]     220.0  -43.2       0.266  0.638  1.000  3000.       0.7163  0.0000  0.0075  0.0050       20.000
React[4]     220.0  -43.2       0.266  0.638  1.000  3000.       0.7163  0.0000  0.0083  0.0055       20.000
React[5]     220.0  -43.2       0.266  0.638  1.000  3000.       0.7162  0.0000  0.0088  0.0059       20.000
React[6]     220.0  -43.2       0.266  0.638  1.000  3000.       0.7160  0.0000  0.0091  0.0061       20.000
React[7]     220.0  -43.2       0.266  0.638  1.000  3000.       0.7158  0.0000  0.0093  0.0062       20.000
React[8]     220.0  -43.2       0.266  0.638  1.000  3000.       0.7154  0.0000  0.0094  0.0063       20.000
React[9]     220.0  -43.2       0.266  0.638  1.000  3000.       0.7148  0.0000  0.0095  0.0063       20.000
React[10]    220.0  -43.2       0.266  0.639  1.000  3000.       0.7138  0.0000  0.0095  0.0063       20.000
React[11]    220.0  -43.2       0.266  0.639  1.000  3000.       0.7120  0.0000  0.0096  0.0064       20.000
React[12]    220.0  -43.2       0.266  0.640  1.000  3000.       0.7092  0.0000  0.0096  0.0064       20.000
React[13]    220.0  -43.2       0.266  0.642  1.000  3000.       0.7043  0.0000  0.0096  0.0064       20.000
React[14]    220.0  -43.2       0.266  0.644  1.000  3000.       0.6963  0.0000  0.0096  0.0064       20.000
React[15]    220.0  -43.2       0.266  0.649  1.000  3000.       0.6829  0.0000  0.0096  0.0064       20.000
React[16]    220.0  -43.2       0.266  0.656  1.000  3000.       0.6607  0.0000  0.0096  0.0064       20.000
React[17]    220.0  -43.2       0.266  0.669  1.000  3000.       0.6235  0.0000  0.0096  0.0064       20.000
React[18]    220.0  -43.2       0.266  0.692  1.000  3000.       0.5616  0.0000  0.0096  0.0064       20.000
React[19]    220.0  -43.2       0.266  0.733  1.000  3000.       0.4585  0.0000  0.0096  0.0064       20.000
React[20]    220.0  -43.2       0.266  0.815  1.000  3000.       0.2865  0.0000  0.0096  0.0064       20.000
============================================================================================================
2018-10-01 19:14:08 - Function time
Elapsed time: 0:00:11
Total time:   0:01:33
============================================================================================================
EXIT: Optimal Solution Found.
Iteration Count: 6


> Working on PR ratio = 0.20
------------------------------------------------------------------------------------------------------------
stages       T      Q           r_FT   Conv%  F      cat         V       Re      L       P            P_VLE 
React[1]     220.0  -43.2       0.266  0.471  1.000  3000.       1.8884  0.0000  0.0051  0.0012       20.000
React[2]     220.0  -43.2       0.266  0.472  1.000  3000.       1.8829  0.0000  0.0092  0.0023       20.000
React[3]     220.0  -43.2       0.266  0.473  1.000  3000.       1.8760  0.0000  0.0125  0.0031       20.000
React[4]     220.0  -43.2       0.266  0.474  1.000  3000.       1.8674  0.0000  0.0151  0.0037       20.000
React[5]     220.0  -43.2       0.266  0.475  1.000  3000.       1.8566  0.0000  0.0172  0.0043       20.000
React[6]     220.0  -43.2       0.266  0.477  1.000  3000.       1.8432  0.0000  0.0189  0.0047       20.000
React[7]     220.0  -43.2       0.266  0.479  1.000  3000.       1.8264  0.0000  0.0203  0.0050       20.000
React[8]     220.0  -43.2       0.266  0.482  1.000  3000.       1.8054  0.0000  0.0213  0.0053       20.000
React[9]     220.0  -43.2       0.266  0.486  1.000  3000.       1.7791  0.0000  0.0222  0.0055       20.000
React[10]    220.0  -43.2       0.266  0.491  1.000  3000.       1.7463  0.0000  0.0229  0.0057       20.000
React[11]    220.0  -43.2       0.266  0.496  1.000  3000.       1.7053  0.0000  0.0234  0.0058       20.000
React[12]    220.0  -43.2       0.266  0.504  1.000  3000.       1.6540  0.0000  0.0239  0.0059       20.000
React[13]    220.0  -43.2       0.266  0.514  1.000  3000.       1.5899  0.0000  0.0242  0.0060       20.000
React[14]    220.0  -43.2       0.266  0.527  1.000  3000.       1.5098  0.0000  0.0245  0.0061       20.000
React[15]    220.0  -43.2       0.266  0.544  1.000  3000.       1.4096  0.0000  0.0247  0.0062       20.000
React[16]    220.0  -43.2       0.266  0.567  1.000  3000.       1.2844  0.0000  0.0249  0.0062       20.000
React[17]    220.0  -43.2       0.266  0.598  1.000  3000.       1.1279  0.0000  0.0251  0.0062       20.000
React[18]    220.0  -43.2       0.266  0.643  1.000  3000.       0.9323  0.0000  0.0252  0.0063       20.000
React[19]    220.0  -43.2       0.266  0.710  1.000  3000.       0.6877  0.0000  0.0253  0.0063       20.000
React[20]    220.0  -43.2       0.266  0.815  1.000  3000.       0.3820  0.0000  0.0254  0.0063       20.000
============================================================================================================
2018-10-01 19:14:20 - Function time
Elapsed time: 0:00:12
Total time:   0:01:45
============================================================================================================
EXIT: Optimal Solution Found.
Iteration Count: 7


> Working on PR ratio = 0.10
------------------------------------------------------------------------------------------------------------
stages       T      Q           r_FT   Conv%  F      cat         V       Re      L       P            P_VLE 
React[1]     220.0  -43.2       0.266  0.334  1.000  3000.       3.7759  0.0000  0.0057  0.0006       20.000
React[2]     220.0  -43.2       0.266  0.337  1.000  3000.       3.7178  0.0000  0.0109  0.0012       20.000
React[3]     220.0  -43.2       0.266  0.341  1.000  3000.       3.6533  0.0000  0.0156  0.0017       20.000
React[4]     220.0  -43.2       0.266  0.346  1.000  3000.       3.5816  0.0000  0.0198  0.0022       20.000
React[5]     220.0  -43.2       0.266  0.351  1.000  3000.       3.5019  0.0000  0.0236  0.0026       20.000
React[6]     220.0  -43.2       0.266  0.357  1.000  3000.       3.4134  0.0000  0.0270  0.0030       20.000
React[7]     220.0  -43.2       0.266  0.363  1.000  3000.       3.3151  0.0000  0.0301  0.0033       20.000
React[8]     220.0  -43.2       0.266  0.371  1.000  3000.       3.2058  0.0000  0.0329  0.0036       20.000
React[9]     220.0  -43.2       0.266  0.380  1.000  3000.       3.0844  0.0000  0.0354  0.0039       20.000
React[10]    220.0  -43.2       0.266  0.391  1.000  3000.       2.9495  0.0000  0.0376  0.0041       20.000
React[11]    220.0  -43.2       0.266  0.403  1.000  3000.       2.7997  0.0000  0.0396  0.0044       20.000
React[12]    220.0  -43.2       0.266  0.418  1.000  3000.       2.6331  0.0000  0.0414  0.0046       20.000
React[13]    220.0  -43.2       0.266  0.436  1.000  3000.       2.4481  0.0000  0.0431  0.0047       20.000
React[14]    220.0  -43.2       0.266  0.457  1.000  3000.       2.2425  0.0000  0.0445  0.0049       20.000
React[15]    220.0  -43.2       0.266  0.484  1.000  3000.       2.0141  0.0000  0.0459  0.0051       20.000
React[16]    220.0  -43.2       0.266  0.518  1.000  3000.       1.7602  0.0000  0.0471  0.0052       20.000
React[17]    220.0  -43.2       0.266  0.561  1.000  3000.       1.4782  0.0000  0.0481  0.0053       20.000
React[18]    220.0  -43.2       0.266  0.619  1.000  3000.       1.1649  0.0000  0.0491  0.0054       20.000
React[19]    220.0  -43.2       0.266  0.698  1.000  3000.       0.8167  0.0000  0.0500  0.0055       20.000
React[20]    220.0  -43.2       0.266  0.814  1.000  3000.       0.4298  0.0000  0.0507  0.0056       20.000
============================================================================================================
2018-10-01 19:14:31 - Function time
Elapsed time: 0:00:12
Total time:   0:01:57
============================================================================================================
EXIT: Optimal Solution Found.
Iteration Count: 6


> Working on PR ratio = 0.00
------------------------------------------------------------------------------------------------------------
stages       T      Q           r_FT   Conv%  F      cat         V       Re      L       P            P_VLE 
React[1]     220.0  -43.2       0.266  0.180  1.000  3000.       9.5522  0.0000  0.0064  0.0000       20.000
React[2]     220.0  -43.2       0.266  0.188  1.000  3000.       9.0746  0.0000  0.0128  0.0000       20.000
React[3]     220.0  -43.2       0.266  0.197  1.000  3000.       8.5970  0.0000  0.0192  0.0000       20.000
React[4]     220.0  -43.2       0.266  0.206  1.000  3000.       8.1194  0.0000  0.0257  0.0000       20.000
React[5]     220.0  -43.2       0.266  0.216  1.000  3000.       7.6418  0.0000  0.0321  0.0000       20.000
React[6]     220.0  -43.2       0.266  0.227  1.000  3000.       7.1641  0.0000  0.0385  0.0000       20.000
React[7]     220.0  -43.2       0.266  0.239  1.000  3000.       6.6865  0.0000  0.0449  0.0000       20.000
React[8]     220.0  -43.2       0.266  0.253  1.000  3000.       6.2089  0.0000  0.0513  0.0000       20.000
React[9]     220.0  -43.2       0.266  0.268  1.000  3000.       5.7313  0.0000  0.0578  0.0000       20.000
React[10]    220.0  -43.2       0.266  0.286  1.000  3000.       5.2537  0.0000  0.0642  0.0000       20.000
React[11]    220.0  -43.2       0.266  0.306  1.000  3000.       4.7761  0.0000  0.0706  0.0000       20.000
React[12]    220.0  -43.2       0.266  0.328  1.000  3000.       4.2985  0.0000  0.0770  0.0000       20.000
React[13]    220.0  -43.2       0.266  0.355  1.000  3000.       3.8209  0.0000  0.0835  0.0000       20.000
React[14]    220.0  -43.2       0.266  0.386  1.000  3000.       3.3432  0.0000  0.0899  0.0000       20.000
React[15]    220.0  -43.2       0.266  0.423  1.000  3000.       2.8656  0.0000  0.0963  0.0000       20.000
React[16]    220.0  -43.2       0.266  0.468  1.000  3000.       2.3880  0.0000  0.1027  0.0000       20.000
React[17]    220.0  -43.2       0.266  0.523  1.000  3000.       1.9104  0.0000  0.1092  0.0000       20.000
React[18]    220.0  -43.2       0.266  0.594  1.000  3000.       1.4328  0.0000  0.1156  0.0000       20.000
React[19]    220.0  -43.2       0.266  0.687  1.000  3000.       0.9552  0.0000  0.1220  0.0000       20.000
React[20]    220.0  -43.2       0.266  0.813  1.000  3000.       0.4776  0.0000  0.1284  0.0000       20.000
============================================================================================================
2018-10-01 19:14:43 - Function time
Elapsed time: 0:00:12
Total time:   0:02:09
============================================================================================================
EXIT: Optimal Solution Found.
Iteration Count: 7


> Initialize condenser
============================================================================================================
2018-10-01 19:14:46 - Function time
Elapsed time: 0:00:02
Total time:   0:02:11
============================================================================================================
EXIT: Optimal Solution Found.
Iteration Count: 133


> Initialize reboiler
============================================================================================================
2018-10-01 19:14:48 - Function time
Elapsed time: 0:00:03
Total time:   0:02:14
============================================================================================================
EXIT: Optimal Solution Found.
Iteration Count: 178


> Reactive distillation column assembled, ready to solve, DOF: 

------------------------------------------------------------------------------------------------------------
Active Equality Constraints:	 29077
Active Inequality Constraints:	 21
Active Variables:		 32782
Fixed Variables:		 3622
DOF:				 83

> Initialization with no reflux and reboil
Here comes the result:
Total Conversion: 81.48%
------------------------------------------------------------------------------------------------------------
stages       T      Q                                            V               L       P            W     
condenser    30.00  -269.                                        5.0967          0.0000  0.2764       4.1790

stages       T      Q           r_FT   Conv%  F      cat         V       Re      L       P            P_VLE 
React[1]     220.0  -43.2       0.266  0.180  1.000  3000.       9.5522  0.0000  0.0064  0.0000       20.000
React[2]     220.0  -43.2       0.266  0.188  1.000  3000.       9.0746  0.0000  0.0128  0.0000       20.000
React[3]     220.0  -43.2       0.266  0.197  1.000  3000.       8.5970  0.0000  0.0192  0.0000       20.000
React[4]     220.0  -43.2       0.266  0.206  1.000  3000.       8.1194  0.0000  0.0257  0.0000       20.000
React[5]     220.0  -43.2       0.266  0.216  1.000  3000.       7.6418  0.0000  0.0321  0.0000       20.000
React[6]     220.0  -43.2       0.266  0.227  1.000  3000.       7.1641  0.0000  0.0385  0.0000       20.000
React[7]     220.0  -43.2       0.266  0.239  1.000  3000.       6.6865  0.0000  0.0449  0.0000       20.000
React[8]     220.0  -43.2       0.266  0.253  1.000  3000.       6.2089  0.0000  0.0513  0.0000       20.000
React[9]     220.0  -43.2       0.266  0.268  1.000  3000.       5.7313  0.0000  0.0578  0.0000       20.000
React[10]    220.0  -43.2       0.266  0.286  1.000  3000.       5.2537  0.0000  0.0642  0.0000       20.000
React[11]    220.0  -43.2       0.266  0.306  1.000  3000.       4.7761  0.0000  0.0706  0.0000       20.000
React[12]    220.0  -43.2       0.266  0.328  1.000  3000.       4.2985  0.0000  0.0770  0.0000       20.000
React[13]    220.0  -43.2       0.266  0.355  1.000  3000.       3.8209  0.0000  0.0835  0.0000       20.000
React[14]    220.0  -43.2       0.266  0.386  1.000  3000.       3.3432  0.0000  0.0899  0.0000       20.000
React[15]    220.0  -43.2       0.266  0.423  1.000  3000.       2.8656  0.0000  0.0963  0.0000       20.000
React[16]    220.0  -43.2       0.266  0.468  1.000  3000.       2.3880  0.0000  0.1027  0.0000       20.000
React[17]    220.0  -43.2       0.266  0.523  1.000  3000.       1.9104  0.0000  0.1092  0.0000       20.000
React[18]    220.0  -43.2       0.266  0.594  1.000  3000.       1.4328  0.0000  0.1156  0.0000       20.000
React[19]    220.0  -43.2       0.266  0.687  1.000  3000.       0.9552  0.0000  0.1220  0.0000       20.000
React[20]    220.0  -43.2       0.266  0.813  1.000  3000.       0.4776  0.0000  0.1284  0.0000       20.000

stages       T      Q                                            V               L       P            P_VLE 
reboiler     220.0  0.000                                        0.0000                  0.1285       19.998
------------------------------------------------------------------------------------------------------------
============================================================================================================
2018-10-01 19:15:09 - Function time
Elapsed time: 0:00:20
Total time:   0:02:34
============================================================================================================
EXIT: Optimal Solution Found.
Iteration Count: 18


> Working on Reflux, PR ratio = 0.70
------------------------------------------------------------------------------------------------------------
Here comes the result:
Total Conversion: 81.46%
------------------------------------------------------------------------------------------------------------
stages       T      Q                                            V               L       P            W     
condenser    30.00  -279.                                        5.1007          0.1170  0.2731       4.1777

stages       T      Q           r_FT   Conv%  F      cat         V       Re      L       P            P_VLE 
React[1]     220.0  -33.4       0.264  0.180  1.000  3000.       9.6687  0.0000  0.0150  0.0000       20.000
React[2]     220.0  -43.1       0.265  0.188  1.000  3000.       9.0804  0.0000  0.0177  0.0000       20.000
React[3]     220.0  -43.2       0.266  0.196  1.000  3000.       8.5990  0.0000  0.0233  0.0000       20.000
React[4]     220.0  -43.2       0.266  0.206  1.000  3000.       8.1205  0.0000  0.0293  0.0000       20.000
React[5]     220.0  -43.2       0.266  0.216  1.000  3000.       7.6425  0.0000  0.0356  0.0000       20.000
React[6]     220.0  -43.2       0.266  0.227  1.000  3000.       7.1647  0.0000  0.0419  0.0000       20.000
React[7]     220.0  -43.2       0.266  0.239  1.000  3000.       6.6869  0.0000  0.0482  0.0000       20.000
React[8]     220.0  -43.2       0.266  0.253  1.000  3000.       6.2092  0.0000  0.0546  0.0000       20.000
React[9]     220.0  -43.2       0.266  0.268  1.000  3000.       5.7316  0.0000  0.0609  0.0000       20.000
React[10]    220.0  -43.2       0.266  0.286  1.000  3000.       5.2539  0.0000  0.0673  0.0000       20.000
React[11]    220.0  -43.2       0.266  0.306  1.000  3000.       4.7762  0.0000  0.0737  0.0000       20.000
React[12]    220.0  -43.2       0.266  0.328  1.000  3000.       4.2986  0.0000  0.0801  0.0000       20.000
React[13]    220.0  -43.2       0.266  0.355  1.000  3000.       3.8210  0.0000  0.0865  0.0000       20.000
React[14]    220.0  -43.2       0.266  0.386  1.000  3000.       3.3433  0.0000  0.0929  0.0000       20.000
React[15]    220.0  -43.2       0.266  0.423  1.000  3000.       2.8657  0.0000  0.0993  0.0000       20.000
React[16]    220.0  -43.2       0.266  0.468  1.000  3000.       2.3881  0.0000  0.1057  0.0000       20.000
React[17]    220.0  -43.2       0.266  0.523  1.000  3000.       1.9104  0.0000  0.1122  0.0000       20.000
React[18]    220.0  -43.2       0.266  0.594  1.000  3000.       1.4328  0.0000  0.1186  0.0000       20.000
React[19]    220.0  -43.2       0.266  0.687  1.000  3000.       0.9552  0.0000  0.1250  0.0000       20.000
React[20]    220.0  -43.2       0.266  0.813  1.000  3000.       0.4776  0.0000  0.1314  0.0000       20.000

stages       T      Q                                            V               L       P            P_VLE 
reboiler     220.0  0.000                                        0.0000                  0.1315       19.998
------------------------------------------------------------------------------------------------------------
============================================================================================================
2018-10-01 19:15:22 - Function time
Elapsed time: 0:00:13
Total time:   0:02:47
============================================================================================================
EXIT: Optimal Solution Found.
Iteration Count: 6


> Working on Reflux, PR ratio = 0.50
------------------------------------------------------------------------------------------------------------
Here comes the result:
Total Conversion: 81.44%
------------------------------------------------------------------------------------------------------------
stages       T      Q                                            V               L       P            W     
condenser    30.00  -291.                                        5.1065          0.2679  0.2679       4.1758

stages       T      Q           r_FT   Conv%  F      cat         V       Re      L       P            P_VLE 
React[1]     220.0  -21.6       0.263  0.179  1.000  3000.       9.8182  0.0000  0.0378  0.0000       20.000
React[2]     220.0  -42.6       0.265  0.188  1.000  3000.       9.0992  0.0000  0.0292  0.0000       20.000
React[3]     220.0  -43.0       0.265  0.196  1.000  3000.       8.6062  0.0000  0.0318  0.0000       20.000
React[4]     220.0  -43.2       0.266  0.206  1.000  3000.       8.1246  0.0000  0.0366  0.0000       20.000
React[5]     220.0  -43.2       0.266  0.216  1.000  3000.       7.6452  0.0000  0.0421  0.0000       20.000
React[6]     220.0  -43.2       0.266  0.227  1.000  3000.       7.1666  0.0000  0.0479  0.0000       20.000
React[7]     220.0  -43.2       0.266  0.239  1.000  3000.       6.6884  0.0000  0.0539  0.0000       20.000
React[8]     220.0  -43.2       0.266  0.253  1.000  3000.       6.2104  0.0000  0.0601  0.0000       20.000
React[9]     220.0  -43.2       0.266  0.268  1.000  3000.       5.7325  0.0000  0.0663  0.0000       20.000
React[10]    220.0  -43.2       0.266  0.286  1.000  3000.       5.2546  0.0000  0.0725  0.0000       20.000
React[11]    220.0  -43.2       0.266  0.306  1.000  3000.       4.7768  0.0000  0.0788  0.0000       20.000
React[12]    220.0  -43.2       0.266  0.328  1.000  3000.       4.2991  0.0000  0.0851  0.0000       20.000
React[13]    220.0  -43.2       0.266  0.355  1.000  3000.       3.8214  0.0000  0.0915  0.0000       20.000
React[14]    220.0  -43.2       0.266  0.386  1.000  3000.       3.3436  0.0000  0.0978  0.0000       20.000
React[15]    220.0  -43.2       0.266  0.423  1.000  3000.       2.8659  0.0000  0.1042  0.0000       20.000
React[16]    220.0  -43.2       0.266  0.468  1.000  3000.       2.3883  0.0000  0.1105  0.0000       20.000
React[17]    220.0  -43.2       0.266  0.523  1.000  3000.       1.9106  0.0000  0.1169  0.0000       20.000
React[18]    220.0  -43.2       0.266  0.594  1.000  3000.       1.4329  0.0000  0.1233  0.0000       20.000
React[19]    220.0  -43.2       0.266  0.687  1.000  3000.       0.9553  0.0000  0.1297  0.0000       20.000
React[20]    220.0  -43.2       0.266  0.813  1.000  3000.       0.4776  0.0000  0.1361  0.0000       20.000

stages       T      Q                                            V               L       P            P_VLE 
reboiler     220.0  0.000                                        0.0000                  0.1362       19.998
------------------------------------------------------------------------------------------------------------
============================================================================================================
2018-10-01 19:15:34 - Function time
Elapsed time: 0:00:12
Total time:   0:02:59
============================================================================================================
EXIT: Optimal Solution Found.
Iteration Count: 5


> Working on Reflux, PR ratio = 0.33
------------------------------------------------------------------------------------------------------------
Here comes the result:
Total Conversion: 81.39%
------------------------------------------------------------------------------------------------------------
stages       T      Q                                            V               L       P            W     
condenser    30.00  -310.                                        5.1179          0.5160  0.2580       4.1718

stages       T      Q           r_FT   Conv%  F      cat         V       Re      L       P            P_VLE 
React[1]     220.0  -3.89       0.261  0.177  1.000  3000.       10.063  0.0000  0.1057  0.0000       20.000
React[2]     220.0  -41.5       0.265  0.187  1.000  3000.       9.1605  0.0000  0.0663  0.0000       20.000
React[3]     220.0  -42.6       0.265  0.196  1.000  3000.       8.6357  0.0000  0.0578  0.0000       20.000
React[4]     220.0  -42.9       0.265  0.205  1.000  3000.       8.1427  0.0000  0.0569  0.0000       20.000
React[5]     220.0  -43.0       0.265  0.216  1.000  3000.       7.6574  0.0000  0.0591  0.0000       20.000
React[6]     220.0  -43.1       0.265  0.227  1.000  3000.       7.1754  0.0000  0.0629  0.0000       20.000
React[7]     220.0  -43.1       0.265  0.239  1.000  3000.       6.6949  0.0000  0.0675  0.0000       20.000
React[8]     220.0  -43.2       0.266  0.253  1.000  3000.       6.2154  0.0000  0.0726  0.0000       20.000
React[9]     220.0  -43.2       0.266  0.268  1.000  3000.       5.7364  0.0000  0.0780  0.0000       20.000
React[10]    220.0  -43.2       0.266  0.286  1.000  3000.       5.2578  0.0000  0.0837  0.0000       20.000
React[11]    220.0  -43.2       0.266  0.305  1.000  3000.       4.7793  0.0000  0.0895  0.0000       20.000
React[12]    220.0  -43.2       0.266  0.328  1.000  3000.       4.3011  0.0000  0.0955  0.0000       20.000
React[13]    220.0  -43.2       0.266  0.355  1.000  3000.       3.8230  0.0000  0.1015  0.0000       20.000
React[14]    220.0  -43.2       0.266  0.386  1.000  3000.       3.3449  0.0000  0.1076  0.0000       20.000
React[15]    220.0  -43.2       0.266  0.423  1.000  3000.       2.8670  0.0000  0.1138  0.0000       20.000
React[16]    220.0  -43.2       0.266  0.468  1.000  3000.       2.3890  0.0000  0.1199  0.0000       20.000
React[17]    220.0  -43.2       0.266  0.523  1.000  3000.       1.9112  0.0000  0.1262  0.0000       20.000
React[18]    220.0  -43.2       0.266  0.594  1.000  3000.       1.4333  0.0000  0.1324  0.0000       20.000
React[19]    220.0  -43.2       0.266  0.686  1.000  3000.       0.9555  0.0000  0.1387  0.0000       20.000
React[20]    220.0  -43.2       0.266  0.813  1.000  3000.       0.4777  0.0000  0.1449  0.0000       20.000

stages       T      Q                                            V               L       P            P_VLE 
reboiler     220.0  0.000                                        0.0000                  0.1450       19.998
------------------------------------------------------------------------------------------------------------
============================================================================================================
2018-10-01 19:15:47 - Function time
Elapsed time: 0:00:14
Total time:   0:03:12
============================================================================================================
EXIT: Optimal Solution Found.
Iteration Count: 6


> Working on Reflux, PR ratio = 0.25
------------------------------------------------------------------------------------------------------------
Here comes the result:
Total Conversion: 81.34%
------------------------------------------------------------------------------------------------------------
stages       T      Q                                            V               L       P            W     
condenser    30.00  -326.                                        5.1301          0.7458  0.2486       4.1673

stages       T      Q           r_FT   Conv%  F      cat         V       Re      L       P            P_VLE 
React[1]     220.0  11.21       0.259  0.175  1.000  3000.       10.291  0.0000  0.1915  0.0000       20.000
React[2]     220.0  -40.5       0.264  0.187  1.000  3000.       9.2414  0.0000  0.1187  0.0000       20.000
React[3]     220.0  -42.0       0.265  0.196  1.000  3000.       8.6821  0.0000  0.0961  0.0000       20.000
React[4]     220.0  -42.5       0.265  0.205  1.000  3000.       8.1743  0.0000  0.0866  0.0000       20.000
React[5]     220.0  -42.8       0.265  0.215  1.000  3000.       7.6800  0.0000  0.0830  0.0000       20.000
React[6]     220.0  -42.9       0.265  0.227  1.000  3000.       7.1919  0.0000  0.0828  0.0000       20.000
React[7]     220.0  -43.0       0.265  0.239  1.000  3000.       6.7073  0.0000  0.0846  0.0000       20.000
React[8]     220.0  -43.1       0.265  0.253  1.000  3000.       6.2248  0.0000  0.0877  0.0000       20.000
React[9]     220.0  -43.1       0.265  0.268  1.000  3000.       5.7437  0.0000  0.0917  0.0000       20.000
React[10]    220.0  -43.1       0.265  0.286  1.000  3000.       5.2635  0.0000  0.0962  0.0000       20.000
React[11]    220.0  -43.2       0.265  0.305  1.000  3000.       4.7838  0.0000  0.1012  0.0000       20.000
React[12]    220.0  -43.2       0.265  0.328  1.000  3000.       4.3047  0.0000  0.1064  0.0000       20.000
React[13]    220.0  -43.2       0.266  0.355  1.000  3000.       3.8258  0.0000  0.1119  0.0000       20.000
React[14]    220.0  -43.2       0.266  0.386  1.000  3000.       3.3472  0.0000  0.1176  0.0000       20.000
React[15]    220.0  -43.2       0.266  0.423  1.000  3000.       2.8687  0.0000  0.1233  0.0000       20.000
React[16]    220.0  -43.2       0.266  0.468  1.000  3000.       2.3904  0.0000  0.1292  0.0000       20.000
React[17]    220.0  -43.2       0.266  0.523  1.000  3000.       1.9122  0.0000  0.1351  0.0000       20.000
React[18]    220.0  -43.2       0.266  0.594  1.000  3000.       1.4340  0.0000  0.1411  0.0000       20.000
React[19]    220.0  -43.2       0.266  0.686  1.000  3000.       0.9559  0.0000  0.1472  0.0000       20.000
React[20]    220.0  -43.2       0.266  0.813  1.000  3000.       0.4779  0.0000  0.1533  0.0000       20.000

stages       T      Q                                            V               L       P            P_VLE 
reboiler     220.0  0.000                                        0.0000                  0.1534       19.998
------------------------------------------------------------------------------------------------------------
============================================================================================================
2018-10-01 19:16:00 - Function time
Elapsed time: 0:00:13
Total time:   0:03:25
============================================================================================================
EXIT: Optimal Solution Found.
Iteration Count: 5


> Working on Reflux, PR ratio = 0.20
------------------------------------------------------------------------------------------------------------
Here comes the result:
Total Conversion: 81.28%
------------------------------------------------------------------------------------------------------------
stages       T      Q                                            V               L       P            W     
condenser    30.00  -341.                                        5.1429          0.9604  0.2401       4.1627

stages       T      Q           r_FT   Conv%  F      cat         V       Re      L       P            P_VLE 
React[1]     220.0  24.64       0.258  0.174  1.000  3000.       10.506  0.0000  0.2839  0.0000       20.000
React[2]     220.0  -39.6       0.264  0.186  1.000  3000.       9.3303  0.0000  0.1789  0.0000       20.000
React[3]     220.0  -41.5       0.265  0.195  1.000  3000.       8.7377  0.0000  0.1420  0.0000       20.000
React[4]     220.0  -42.1       0.265  0.205  1.000  3000.       8.2150  0.0000  0.1230  0.0000       20.000
React[5]     220.0  -42.5       0.265  0.215  1.000  3000.       7.7108  0.0000  0.1123  0.0000       20.000
React[6]     220.0  -42.7       0.265  0.226  1.000  3000.       7.2152  0.0000  0.1067  0.0000       20.000
React[7]     220.0  -42.8       0.265  0.239  1.000  3000.       6.7249  0.0000  0.1046  0.0000       20.000
React[8]     220.0  -42.9       0.265  0.252  1.000  3000.       6.2383  0.0000  0.1047  0.0000       20.000
React[9]     220.0  -43.0       0.265  0.268  1.000  3000.       5.7540  0.0000  0.1065  0.0000       20.000
React[10]    220.0  -43.1       0.265  0.285  1.000  3000.       5.2715  0.0000  0.1094  0.0000       20.000
React[11]    220.0  -43.1       0.265  0.305  1.000  3000.       4.7901  0.0000  0.1131  0.0000       20.000
React[12]    220.0  -43.1       0.265  0.328  1.000  3000.       4.3096  0.0000  0.1174  0.0000       20.000
React[13]    220.0  -43.2       0.265  0.354  1.000  3000.       3.8297  0.0000  0.1221  0.0000       20.000
React[14]    220.0  -43.2       0.265  0.386  1.000  3000.       3.3502  0.0000  0.1271  0.0000       20.000
React[15]    220.0  -43.2       0.265  0.423  1.000  3000.       2.8710  0.0000  0.1324  0.0000       20.000
React[16]    220.0  -43.2       0.265  0.467  1.000  3000.       2.3921  0.0000  0.1378  0.0000       20.000
React[17]    220.0  -43.2       0.266  0.523  1.000  3000.       1.9134  0.0000  0.1434  0.0000       20.000
React[18]    220.0  -43.2       0.266  0.594  1.000  3000.       1.4349  0.0000  0.1491  0.0000       20.000
React[19]    220.0  -43.2       0.266  0.686  1.000  3000.       0.9565  0.0000  0.1549  0.0000       20.000
React[20]    220.0  -43.2       0.266  0.813  1.000  3000.       0.4782  0.0000  0.1607  0.0000       20.000

stages       T      Q                                            V               L       P            P_VLE 
reboiler     220.0  0.000                                        0.0000                  0.1608       19.998
------------------------------------------------------------------------------------------------------------
============================================================================================================
2018-10-01 19:16:12 - Function time
Elapsed time: 0:00:12
Total time:   0:03:37
============================================================================================================
EXIT: Optimal Solution Found.
Iteration Count: 5


> Working on Reflux, PR ratio = 0.17
------------------------------------------------------------------------------------------------------------
Here comes the result:
Total Conversion: 81.22%
------------------------------------------------------------------------------------------------------------
stages       T      Q                                            V               L       P            W     
condenser    30.00  -355.                                        5.1555          1.1622  0.2324       4.1581

stages       T      Q           r_FT   Conv%  F      cat         V       Re      L       P            P_VLE 
React[1]     220.0  36.90       0.256  0.173  1.000  3000.       10.708  0.0000  0.3768  0.0000       20.000
React[2]     220.0  -38.9       0.263  0.185  1.000  3000.       9.4210  0.0000  0.2405  0.0000       20.000
React[3]     220.0  -41.1       0.264  0.195  1.000  3000.       8.7960  0.0000  0.1900  0.0000       20.000
React[4]     220.0  -41.8       0.265  0.204  1.000  3000.       8.2590  0.0000  0.1621  0.0000       20.000
React[5]     220.0  -42.2       0.265  0.215  1.000  3000.       7.7454  0.0000  0.1445  0.0000       20.000
React[6]     220.0  -42.5       0.265  0.226  1.000  3000.       7.2426  0.0000  0.1334  0.0000       20.000
React[7]     220.0  -42.6       0.265  0.238  1.000  3000.       6.7464  0.0000  0.1267  0.0000       20.000
React[8]     220.0  -42.8       0.265  0.252  1.000  3000.       6.2549  0.0000  0.1234  0.0000       20.000
React[9]     220.0  -42.9       0.265  0.268  1.000  3000.       5.7670  0.0000  0.1224  0.0000       20.000
React[10]    220.0  -43.0       0.265  0.285  1.000  3000.       5.2815  0.0000  0.1233  0.0000       20.000
React[11]    220.0  -43.0       0.265  0.305  1.000  3000.       4.7979  0.0000  0.1254  0.0000       20.000
React[12]    220.0  -43.1       0.265  0.328  1.000  3000.       4.3157  0.0000  0.1284  0.0000       20.000
React[13]    220.0  -43.1       0.265  0.354  1.000  3000.       3.8344  0.0000  0.1321  0.0000       20.000
React[14]    220.0  -43.1       0.265  0.385  1.000  3000.       3.3539  0.0000  0.1363  0.0000       20.000
React[15]    220.0  -43.2       0.265  0.422  1.000  3000.       2.8738  0.0000  0.1409  0.0000       20.000
React[16]    220.0  -43.2       0.265  0.467  1.000  3000.       2.3943  0.0000  0.1458  0.0000       20.000
React[17]    220.0  -43.2       0.265  0.523  1.000  3000.       1.9150  0.0000  0.1509  0.0000       20.000
React[18]    220.0  -43.2       0.265  0.593  1.000  3000.       1.4360  0.0000  0.1563  0.0000       20.000
React[19]    220.0  -43.2       0.265  0.686  1.000  3000.       0.9571  0.0000  0.1617  0.0000       20.000
React[20]    220.0  -43.2       0.266  0.813  1.000  3000.       0.4785  0.0000  0.1673  0.0000       20.000

stages       T      Q                                            V               L       P            P_VLE 
reboiler     220.0  0.000                                        0.0000                  0.1674       19.998
------------------------------------------------------------------------------------------------------------
============================================================================================================
2018-10-01 19:16:22 - Function time
Elapsed time: 0:00:10
Total time:   0:03:47
============================================================================================================
EXIT: Optimal Solution Found.
Iteration Count: 4


> Working on Reflux, PR ratio = 0.14
------------------------------------------------------------------------------------------------------------
Here comes the result:
Total Conversion: 81.17%
------------------------------------------------------------------------------------------------------------
stages       T      Q                                            V               L       P            W     
condenser    30.00  -368.                                        5.1686          1.3537  0.2256       4.1532

stages       T      Q           r_FT   Conv%  F      cat         V       Re      L       P            P_VLE 
React[1]     220.0  48.17       0.255  0.171  1.000  3000.       10.901  0.0000  0.4725  0.0000       20.000
React[2]     220.0  -38.2       0.263  0.185  1.000  3000.       9.5158  0.0000  0.3074  0.0000       20.000
React[3]     220.0  -40.7       0.264  0.194  1.000  3000.       8.8608  0.0000  0.2440  0.0000       20.000
React[4]     220.0  -41.5       0.264  0.204  1.000  3000.       8.3103  0.0000  0.2073  0.0000       20.000
React[5]     220.0  -41.9       0.265  0.214  1.000  3000.       7.7873  0.0000  0.1821  0.0000       20.000
React[6]     220.0  -42.2       0.265  0.226  1.000  3000.       7.2764  0.0000  0.1642  0.0000       20.000
React[7]     220.0  -42.4       0.265  0.238  1.000  3000.       6.7732  0.0000  0.1519  0.0000       20.000
React[8]     220.0  -42.6       0.265  0.252  1.000  3000.       6.2757  0.0000  0.1440  0.0000       20.000
React[9]     220.0  -42.7       0.265  0.267  1.000  3000.       5.7829  0.0000  0.1396  0.0000       20.000
React[10]    220.0  -42.9       0.265  0.285  1.000  3000.       5.2937  0.0000  0.1377  0.0000       20.000
React[11]    220.0  -42.9       0.265  0.305  1.000  3000.       4.8073  0.0000  0.1377  0.0000       20.000
React[12]    220.0  -43.0       0.265  0.328  1.000  3000.       4.3228  0.0000  0.1392  0.0000       20.000
React[13]    220.0  -43.1       0.265  0.354  1.000  3000.       3.8399  0.0000  0.1417  0.0000       20.000
React[14]    220.0  -43.1       0.265  0.385  1.000  3000.       3.3580  0.0000  0.1450  0.0000       20.000
React[15]    220.0  -43.1       0.265  0.422  1.000  3000.       2.8770  0.0000  0.1488  0.0000       20.000
React[16]    220.0  -43.1       0.265  0.467  1.000  3000.       2.3966  0.0000  0.1531  0.0000       20.000
React[17]    220.0  -43.2       0.265  0.523  1.000  3000.       1.9167  0.0000  0.1578  0.0000       20.000
React[18]    220.0  -43.2       0.265  0.593  1.000  3000.       1.4371  0.0000  0.1627  0.0000       20.000
React[19]    220.0  -43.2       0.265  0.686  1.000  3000.       0.9578  0.0000  0.1678  0.0000       20.000
React[20]    220.0  -43.2       0.265  0.813  1.000  3000.       0.4788  0.0000  0.1731  0.0000       20.000

stages       T      Q                                            V               L       P            P_VLE 
reboiler     220.0  0.000                                        0.0000                  0.1732       19.998
------------------------------------------------------------------------------------------------------------
============================================================================================================
2018-10-01 19:16:32 - Function time
Elapsed time: 0:00:10
Total time:   0:03:57
============================================================================================================
EXIT: Optimal Solution Found.
Iteration Count: 4


> Working on Reflux, PR ratio = 0.14
------------------------------------------------------------------------------------------------------------
Here comes the result:
Total Conversion: 81.16%
------------------------------------------------------------------------------------------------------------
stages       T      Q                                            V               L       P            W     
condenser    30.00  -369.                                        5.1694          1.3659  0.2251       4.1529

stages       T      Q           r_FT   Conv%  F      cat         V       Re      L       P            P_VLE 
React[1]     220.0  48.89       0.255  0.171  1.000  3000.       10.913  0.0000  0.4785  0.0000       20.000
React[2]     220.0  -38.2       0.263  0.185  1.000  3000.       9.5217  0.0000  0.3115  0.0000       20.000
React[3]     220.0  -40.7       0.264  0.194  1.000  3000.       8.8648  0.0000  0.2474  0.0000       20.000
React[4]     220.0  -41.5       0.264  0.204  1.000  3000.       8.3135  0.0000  0.2102  0.0000       20.000
React[5]     220.0  -41.9       0.265  0.214  1.000  3000.       7.7901  0.0000  0.1846  0.0000       20.000
React[6]     220.0  -42.2       0.265  0.225  1.000  3000.       7.2787  0.0000  0.1664  0.0000       20.000
React[7]     220.0  -42.4       0.265  0.238  1.000  3000.       6.7751  0.0000  0.1538  0.0000       20.000
React[8]     220.0  -42.6       0.265  0.252  1.000  3000.       6.2773  0.0000  0.1455  0.0000       20.000
React[9]     220.0  -42.7       0.265  0.267  1.000  3000.       5.7842  0.0000  0.1408  0.0000       20.000
React[10]    220.0  -42.9       0.265  0.285  1.000  3000.       5.2947  0.0000  0.1387  0.0000       20.000
React[11]    220.0  -42.9       0.265  0.305  1.000  3000.       4.8080  0.0000  0.1386  0.0000       20.000
React[12]    220.0  -43.0       0.265  0.328  1.000  3000.       4.3234  0.0000  0.1399  0.0000       20.000
React[13]    220.0  -43.1       0.265  0.354  1.000  3000.       3.8403  0.0000  0.1423  0.0000       20.000
React[14]    220.0  -43.1       0.265  0.385  1.000  3000.       3.3583  0.0000  0.1456  0.0000       20.000
React[15]    220.0  -43.1       0.265  0.422  1.000  3000.       2.8772  0.0000  0.1494  0.0000       20.000
React[16]    220.0  -43.1       0.265  0.467  1.000  3000.       2.3968  0.0000  0.1536  0.0000       20.000
React[17]    220.0  -43.2       0.265  0.523  1.000  3000.       1.9168  0.0000  0.1582  0.0000       20.000
React[18]    220.0  -43.2       0.265  0.593  1.000  3000.       1.4372  0.0000  0.1631  0.0000       20.000
React[19]    220.0  -43.2       0.265  0.686  1.000  3000.       0.9579  0.0000  0.1682  0.0000       20.000
React[20]    220.0  -43.2       0.265  0.813  1.000  3000.       0.4788  0.0000  0.1735  0.0000       20.000

stages       T      Q                                            V               L       P            P_VLE 
reboiler     220.0  0.000                                        0.0000                  0.1736       19.998
------------------------------------------------------------------------------------------------------------
============================================================================================================
2018-10-01 19:16:41 - Function time
Elapsed time: 0:00:09
Total time:   0:04:06
============================================================================================================
EXIT: Optimal Solution Found.
Iteration Count: 2

