
> Original 20 stage case
------------------------------------------------------------------------------------------------------------
Here comes the result:
------------------------------------------------------------------------------------------------------------
stages		T	Q						V_Prod	L_out	L_Prod		W
Condenser	30.00	-134.						3.0267	0.6407	0.0337		2.0655

stages		T	Q	r_FT	Conv%	F	cat		V_out	L_out	L_Prod		P_VLE
NON--[1]	119.3	0.000	0.0000	0.000	0.00	0.000		5.7667	0.7437	0.0000		20.000
NON--[2]	131.1	0.000	0.0000	0.000	0.00	0.000		5.8697	0.6752	0.0000		20.000
NON--[3]	140.3	0.000	0.0000	0.000	0.00	0.000		5.8012	0.6136	0.0000		20.000
NON--[4]	148.7	0.000	0.0000	0.000	0.00	0.000		5.7396	0.5249	0.0218		20.000
NON--[5]	157.3	0.000	0.0000	0.000	0.00	0.000		5.6727	0.4430	0.0000		20.000
NON--[6]	167.3	0.000	0.0000	0.000	0.00	0.000		5.5909	0.3311	0.0000		20.000
NON--[7]	181.1	0.000	0.0000	0.000	0.00	0.000		5.4790	0.1558	0.0389		20.000
React[8]	200.0	-24.4	0.1555	0.201	1.00	3000.		5.3427	0.0671	0.0000		20.000
React[9]	210.0	-33.7	0.1961	0.306	1.00	3000.		4.5610	0.0521	0.0000		20.000
React[10]	220.0	-38.8	0.2284	0.424	1.00	3000.		3.9304	0.0359	0.0153		20.000
React[11]	230.0	-41.6	0.2499	0.541	1.00	3000.		3.3726	0.0387	0.0000		20.000
React[12]	240.0	-43.3	0.2601	0.657	1.00	3000.		2.8543	0.0433	0.0000		20.000
NON--[13]	255.9	0.000	0.0000	0.000	0.00	0.000		2.3509	0.0401	0.0000		20.000
React[14]	260.0	-44.9	0.2857	0.798	1.00	3000.		2.3477	0.0371	0.0000		20.000
React[15]	270.0	-45.2	0.2917	0.874	1.00	3000.		1.8736	0.0318	0.0000		20.000
React[16]	280.0	-45.6	0.2950	0.930	1.00	3000.		1.4044	0.0250	0.0000		20.000
React[17]	290.0	-45.8	0.2956	0.967	1.00	3000.		0.9372	0.0176	0.0000		20.001
React[18]	300.0	-46.0	0.2942	0.988	1.00	3000.		0.4695	0.0109	0.0000		20.002
NON--[19]	299.9	0.000	0.0000	0.000	0.00	0.000		0.0002	0.0109	0.0000		19.900
NON--[20]	300.2	0.000	0.0000	0.000	0.00	0.000		0.0002	0.0109	0.0000		19.898

stages		T	Q						V_out	L_out	L_P		P_VLE
Reboiler	350.0	0.550						0.0002	0.0000	0.0107		19.906
------------------------------------------------------------------------------------------------------------
Napha:		0.43
Gasoline:	0.39
Diesel:		0.30
Heavy:		0.44
============================================================================================================
2018-07-19 17:09:17 - Function time
Elapsed time: 0:00:07
Total time:   0:00:07
============================================================================================================
Iteration Count: 4


> Optimized Product Side Draw
------------------------------------------------------------------------------------------------------------
Here comes the result:
------------------------------------------------------------------------------------------------------------
stages		T	Q						V_Prod	L_out	L_Prod		W
Condenser	30.00	-162.						2.1130	0.9770	0.0913		2.3385

stages		T	Q	r_FT	Conv%	F	cat		V_out	L_out	L_Prod		P_VLE
NON--[1]	132.4	0.000	0.0000	0.000	0.00	0.000		5.5200	1.2092	0.0000		20.000
NON--[2]	147.6	0.000	0.0000	0.000	0.00	0.000		5.7522	1.1552	0.0000		20.000
NON--[3]	158.2	0.000	0.0000	0.000	0.00	0.000		5.6982	1.1103	0.0000		20.000
NON--[4]	166.7	0.000	0.0000	0.000	0.00	0.000		5.6533	1.0491	0.0000		20.000
NON--[5]	175.0	0.000	0.0000	0.000	0.00	0.000		5.5921	0.9481	0.0000		20.000
NON--[6]	185.5	0.000	0.0000	0.000	0.00	0.000		5.4911	0.7684	0.0000		20.000
NON--[7]	202.5	0.000	0.0000	0.000	0.00	0.000		5.3114	0.4072	0.1056		20.000
React[8]	229.5	-32.2	0.2554	0.393	1.00	3000.		5.0559	0.1561	0.0000		20.000
React[9]	237.0	-41.5	0.2794	0.464	1.00	3000.		4.2945	0.0795	0.0000		20.000
React[10]	240.2	-43.0	0.2927	0.512	1.00	3000.		3.7485	0.0107	0.0276		20.000
React[11]	236.4	-44.0	0.2816	0.530	1.00	3000.		3.2609	0.0073	0.0000		20.003
React[12]	236.5	-44.0	0.2793	0.573	1.00	3000.		2.7926	0.0082	0.0000		20.003
NON--[13]	238.4	0.000	0.0000	0.000	0.00	0.000		2.3243	0.0075	0.0000		20.003
React[14]	238.7	-44.2	0.2825	0.633	1.00	3000.		2.3236	0.0083	0.0000		20.002
React[15]	239.8	-44.1	0.2814	0.694	1.00	3000.		1.8596	0.0090	0.0000		20.002
React[16]	242.9	-44.2	0.2825	0.773	1.00	3000.		1.3927	0.0091	0.0000		20.002
React[17]	249.2	-44.7	0.2843	0.866	1.00	3000.		0.9254	0.0093	0.0000		20.002
React[18]	278.4	-45.5	0.2990	0.972	1.00	3000.		0.4575	0.0047	0.0000		20.005
NON--[19]	278.5	0.000	0.0000	0.000	0.00	0.000		0.0001	0.0047	0.0000		19.866
NON--[20]	279.1	0.000	0.0000	0.000	0.00	0.000		0.0001	0.0048	0.0000		19.869

stages		T	Q						V_out	L_out	L_P		P_VLE
Reboiler	350.0	0.305						0.0002	0.0000	0.0045		19.888
------------------------------------------------------------------------------------------------------------
Napha:		0.43
Gasoline:	0.38
Diesel:		0.30
Heavy:		0.43
============================================================================================================
2018-07-19 17:09:39 - Function time
Elapsed time: 0:00:22
Total time:   0:00:29
============================================================================================================
Iteration Count: 42


> Optimized Catalyst Amount and Location
------------------------------------------------------------------------------------------------------------
Here comes the result:
------------------------------------------------------------------------------------------------------------
stages		T	Q						V_Prod	L_out	L_Prod		W
Condenser	30.00	-150.						1.7220	0.5953	0.0983		2.4713

stages		T	Q	r_FT	Conv%	F	cat		V_out	L_out	L_Prod		P_VLE
React[1]	124.8	0.000	0.0000	0.000	0.00	0.002		4.8870	0.7005	0.0000		20.000
React[2]	133.5	0.000	0.0000	0.000	0.00	0.002		4.9922	0.6493	0.0000		20.000
React[3]	140.6	0.000	0.0000	0.000	0.00	0.002		4.9410	0.6119	0.0000		20.000
React[4]	147.1	0.000	0.0000	0.000	0.00	0.002		4.9036	0.5706	0.0000		20.000
React[5]	153.8	0.000	0.0000	0.000	0.00	0.002		4.8622	0.5100	0.0000		20.000
React[6]	162.2	0.000	0.0000	0.000	0.00	0.002		4.8017	0.4015	0.0000		20.000
React[7]	176.7	0.000	0.0000	0.000	0.00	0.001		4.6932	0.1106	0.1323		20.000
React[8]	200.0	-12.2	0.0000	0.000	0.00	0.069		4.5346	0.1612	0.0000		20.000
React[9]	238.1	-151.	0.7358	0.696	0.00	12351		4.5852	0.5135	0.0000		20.000
React[10]	291.8	48.74	0.0000	0.000	2.18	0.000		6.3328	0.0151	0.0274		20.000
React[11]	236.4	-89.5	0.5891	0.626	1.65	7024.		3.6774	0.0175	0.0000		20.001
React[12]	234.4	-267.	1.5868	0.796	0.00	10624		3.1446	0.0923	0.0000		20.000
React[13]	250.3	0.000	0.0000	0.000	0.00	0.000		6.2419	0.0543	0.0000		20.000
React[14]	260.8	14.31	0.0000	0.000	6.16	0.000		6.2034	0.0109	0.0000		20.002
React[15]	250.4	-0.10	0.0000	0.063	0.00	0.014		0.0000	0.0109	0.0000		18.900
React[16]	299.8	0.493	0.0000	0.001	0.00	0.000		0.0000	0.0109	0.0000		16.817
React[17]	299.8	0.000	0.0000	0.001	0.00	0.000		0.0000	0.0109	0.0000		16.811
React[18]	299.9	0.001	0.0000	0.001	0.00	0.000		0.0000	0.0109	0.0000		16.806
NON--[19]	299.9	0.000	0.0000	0.000	0.00	0.000		0.0000	0.0109	0.0000		16.831
React[20]	299.9	0.000	0.0000	0.000	0.00	0.000		0.0000	0.0109	0.0000		16.742

stages		T	Q						V_out	L_out	L_P		P_VLE
Reboiler	350.0	0.534						0.0000	0.0000	0.0109		15.269
------------------------------------------------------------------------------------------------------------
Napha:		0.43
Gasoline:	0.38
Diesel:		0.37
Heavy:		0.43
============================================================================================================
2018-07-19 17:13:14 - Function time
Elapsed time: 0:03:36
Total time:   0:04:04
============================================================================================================
Iteration Count: 619

