
> Original 20 stage case
------------------------------------------------------------------------------------------------------------
Here comes the result:
------------------------------------------------------------------------------------------------------------
stages		T	Q						V_Prod	L_out	L_Prod		W
Condenser	30.00	-134.						3.0267	0.6407	0.0337		2.0655

stages		T	Q	r_FT	Conv%	F	cat		V_out	L_out	L_Prod		P_VLE
NON--[1]	119.3	0.000	0.0000	0.000	0.00	0.000		5.7667	0.7437	0.0000		20.000
NON--[2]	131.1	0.000	0.0000	0.000	0.00	0.000		5.8697	0.6752	0.0000		20.000
NON--[3]	140.3	0.000	0.0000	0.000	0.00	0.000		5.8012	0.6136	0.0000		20.000
NON--[4]	148.7	0.000	0.0000	0.000	0.00	0.000		5.7396	0.5249	0.0218		20.000
NON--[5]	157.3	0.000	0.0000	0.000	0.00	0.000		5.6727	0.4430	0.0000		20.000
NON--[6]	167.3	0.000	0.0000	0.000	0.00	0.000		5.5909	0.3311	0.0000		20.000
NON--[7]	181.1	0.000	0.0000	0.000	0.00	0.000		5.4790	0.1558	0.0389		20.000
React[8]	200.0	-24.4	0.1555	0.201	1.00	3000.		5.3427	0.0671	0.0000		20.000
React[9]	210.0	-33.7	0.1961	0.306	1.00	3000.		4.5610	0.0521	0.0000		20.000
React[10]	220.0	-38.8	0.2284	0.424	1.00	3000.		3.9304	0.0359	0.0153		20.000
React[11]	230.0	-41.6	0.2499	0.541	1.00	3000.		3.3726	0.0387	0.0000		20.000
React[12]	240.0	-43.3	0.2601	0.657	1.00	3000.		2.8543	0.0433	0.0000		20.000
NON--[13]	255.9	0.000	0.0000	0.000	0.00	0.000		2.3509	0.0401	0.0000		20.000
React[14]	260.0	-44.9	0.2857	0.798	1.00	3000.		2.3477	0.0371	0.0000		20.000
React[15]	270.0	-45.2	0.2917	0.874	1.00	3000.		1.8736	0.0318	0.0000		20.000
React[16]	280.0	-45.6	0.2950	0.930	1.00	3000.		1.4044	0.0250	0.0000		20.000
React[17]	290.0	-45.8	0.2956	0.967	1.00	3000.		0.9372	0.0176	0.0000		20.001
React[18]	300.0	-46.0	0.2942	0.988	1.00	3000.		0.4695	0.0109	0.0000		20.002
NON--[19]	299.9	0.000	0.0000	0.000	0.00	0.000		0.0002	0.0109	0.0000		19.900
NON--[20]	300.2	0.000	0.0000	0.000	0.00	0.000		0.0002	0.0109	0.0000		19.898

stages		T	Q						V_out	L_out	L_P		P_VLE
Reboiler	350.0	0.550						0.0002	0.0000	0.0107		19.906
------------------------------------------------------------------------------------------------------------
Napha:		0.43
Gasoline:	0.39
Diesel:		0.30
Heavy:		0.44
============================================================================================================
2018-07-19 14:17:33 - Function time
Elapsed time: 0:00:07
Total time:   0:00:07
============================================================================================================
Iteration Count: 4


> Optimized Feed Amount and Location
------------------------------------------------------------------------------------------------------------
Here comes the result:
------------------------------------------------------------------------------------------------------------
stages		T	Q						V_Prod	L_out	L_Prod		W
Condenser	30.00	-133.						2.7266	0.6386	0.0728		2.0163

stages		T	Q	r_FT	Conv%	F	cat		V_out	L_out	L_Prod		P_VLE
NON--[1]	122.0	0.000	0.0000	0.000	0.00	0.000		5.4544	0.7698	0.0000		20.000
NON--[2]	133.0	0.000	0.0000	0.000	0.00	0.000		5.5857	0.7226	0.0000		20.000
NON--[3]	140.6	0.000	0.0000	0.000	0.00	0.000		5.5385	0.6817	0.0000		20.000
NON--[4]	146.9	0.000	0.0000	0.000	0.00	0.000		5.4976	0.6341	0.0000		20.000
NON--[5]	153.3	0.000	0.0000	0.000	0.00	0.000		5.4500	0.5650	0.0000		20.000
NON--[6]	161.4	0.000	0.0000	0.000	0.00	0.000		5.3809	0.4408	0.0000		20.000
NON--[7]	175.7	0.000	0.0000	0.000	0.00	0.000		5.2566	0.1446	0.1105		20.000
React[8]	200.0	-26.6	0.0640	0.103	0.16	3000.		5.0710	0.2116	0.0000		20.000
React[9]	245.5	-56.3	0.4306	0.436	1.25	3000.		5.1023	0.1031	0.0000		20.000
React[10]	244.5	-74.2	0.5104	0.465	1.43	3000.		4.5526	0.0390	0.0184		20.000
React[11]	241.7	-92.0	0.6084	0.488	0.36	3000.		4.0308	0.0298	0.0000		20.000
React[12]	238.4	-178.	1.0562	0.482	0.00	3000.		4.8086	0.0145	0.0000		20.001
NON--[13]	200.0	0.000	0.0000	0.000	6.78	0.000		6.7952	0.0067	0.0000		20.003
React[14]	299.9	0.581	0.0000	1.000	0.00	3000.		0.0017	0.0075	0.0000		19.989
React[15]	299.9	-0.00	0.0000	1.000	0.00	3000.		0.0026	0.0075	0.0000		19.994
React[16]	299.9	-0.00	0.0000	1.000	0.00	3000.		0.0027	0.0076	0.0000		19.994
React[17]	299.9	0.000	0.0000	1.000	0.00	3000.		0.0027	0.0076	0.0000		19.994
React[18]	299.9	-0.18	0.0010	1.000	0.00	3000.		0.0027	0.0077	0.0000		19.994
NON--[19]	297.6	0.000	0.0000	0.000	0.00	0.000		0.0048	0.0070	0.0000		19.998
NON--[20]	295.5	0.000	0.0000	0.000	0.00	0.000		0.0042	0.0068	0.0000		19.997

stages		T	Q						V_out	L_out	L_P		P_VLE
Reboiler	350.0	0.367						0.0000	0.0000	0.0068		17.733
------------------------------------------------------------------------------------------------------------
Napha:		0.44
Gasoline:	0.38
Diesel:		0.35
Heavy:		0.43
============================================================================================================
2018-07-19 14:20:53 - Function time
Elapsed time: 0:03:20
Total time:   0:03:27
============================================================================================================
Iteration Count: 364

