
> Original 20 stage case
------------------------------------------------------------------------------------------------------------
Here comes the result:
Total Conversion: 81.19%
------------------------------------------------------------------------------------------------------------
stages       T      Q                                            V               L       P            W     
condenser    30.00  -134.                                        3.0274          0.6481  0.0341       2.0654

stages       T      Q           r_FT   Conv%  F      cat         V       Re      L       P            P_VLE 
NON--[1]     119.8  0.000       0.000  0.000  0.000  0.000       5.7751  0.0000  0.7526  0.0000       20.000
NON--[2]     132.0  0.000       0.000  0.000  0.000  0.000       5.8796  0.0000  0.6828  0.0000       20.000
NON--[3]     141.4  0.000       0.000  0.000  0.000  0.000       5.8098  0.0000  0.6177  0.0023       20.000
NON--[4]     150.0  0.000       0.000  0.000  0.000  0.000       5.7471  0.0000  0.5326  0.0170       20.000
NON--[5]     158.7  0.000       0.000  0.000  0.000  0.000       5.6790  0.0000  0.4472  0.0023       20.000
NON--[6]     168.8  0.000       0.000  0.000  0.000  0.000       5.5960  0.0000  0.3336  0.0041       20.000
NON--[7]     182.3  0.000       0.000  0.000  0.000  0.000       5.4865  0.0000  0.1743  0.0305       20.000
React[8]     200.0  -24.1       0.155  0.201  1.000  3000.       5.3577  0.0000  0.0728  0.0041       20.000
React[9]     210.0  -33.5       0.196  0.306  1.000  3000.       4.5671  0.0000  0.0519  0.0016       20.000
React[10]    220.0  -38.7       0.228  0.424  1.000  3000.       3.9321  0.0000  0.0382  0.0119       20.000
React[11]    230.0  -41.6       0.249  0.541  1.000  3000.       3.3734  0.0000  0.0389  0.0016       20.000
React[12]    240.0  -43.2       0.260  0.657  1.000  3000.       2.8545  0.0000  0.0432  0.0000       20.000
NON--[13]    255.9  0.000       0.000  0.000  0.000  0.000       2.3509  0.0000  0.0399  0.0000       20.000
React[14]    260.0  -44.9       0.285  0.798  1.000  3000.       2.3476  0.0000  0.0367  0.0000       20.000
React[15]    270.0  -45.2       0.291  0.874  1.000  3000.       1.8734  0.0000  0.0314  0.0000       20.000
React[16]    280.0  -45.6       0.295  0.930  1.000  3000.       1.4042  0.0000  0.0246  0.0000       20.001
React[17]    290.0  -45.8       0.295  0.967  1.000  3000.       0.9370  0.0000  0.0173  0.0000       20.001
React[18]    300.0  -46.0       0.294  0.988  1.000  3000.       0.4694  0.0000  0.0106  0.0000       20.002
NON--[19]    299.9  0.000       0.000  0.000  0.000  0.000       0.0002  0.0000  0.0106  0.0000       19.897
NON--[20]    300.1  0.000       0.000  0.000  0.000  0.000       0.0002  0.0000  0.0106  0.0000       19.894

stages       T      Q                                            V               L       P            P_VLE 
reboiler     350.0  0.533                                        0.0002                  0.0103       19.903
------------------------------------------------------------------------------------------------------------
The following is considered as dry
naphtha       :	0.77	|	Wet flow:	0.0341	|	Dry flow:	0.0327
gasoline      :	0.75	|	Wet flow:	0.0390	|	Dry flow:	0.0329
diesel        :	0.59	|	Wet flow:	0.0154	|	Dry flow:	0.0133
heavy         :	0.86	|	Wet flow:	0.0103	|	Dry flow:	0.0095
intermediate  :	1.00	|	Wet flow:	0.0219	|	Dry flow:	0.0174
============================================================================================================
2018-08-04 01:32:02 - Function time
Elapsed time: 0:00:11
Total time:   0:00:11
============================================================================================================

> Optimized Temperature, Reflux and Product Side Draw
------------------------------------------------------------------------------------------------------------
Here comes the result:
Total Conversion: 88.04%
------------------------------------------------------------------------------------------------------------
stages       T      Q                                            V               L       P            W     
condenser    30.00  -162.                                        2.1382          0.9921  0.0871       2.3287

stages       T      Q           r_FT   Conv%  F      cat         V       Re      L       P            P_VLE 
NON--[1]     133.7  0.000       0.000  0.000  0.000  0.000       5.5463  0.0000  1.2312  0.0000       20.000
NON--[2]     149.7  0.000       0.000  0.000  0.000  0.000       5.7854  0.0000  1.1758  0.0000       20.000
NON--[3]     160.9  0.000       0.000  0.000  0.000  0.000       5.7300  0.0000  1.1268  0.0000       20.000
NON--[4]     170.0  0.000       0.000  0.000  0.000  0.000       5.6811  0.0000  1.0611  0.0000       20.000
NON--[5]     178.7  0.000       0.000  0.000  0.000  0.000       5.6154  0.0000  0.9577  0.0000       20.000
NON--[6]     189.4  0.000       0.000  0.000  0.000  0.000       5.5120  0.0000  0.7737  0.0109       20.000
NON--[7]     205.9  0.000       0.000  0.000  0.000  0.000       5.3390  0.0000  0.4561  0.0803       20.000
React[8]     230.6  -31.6       0.258  0.399  1.000  3000.       5.1017  0.0000  0.1690  0.0109       20.000
React[9]     237.0  -41.2       0.279  0.465  1.000  3000.       4.3207  0.0000  0.0794  0.0028       20.000
React[10]    239.6  -43.1       0.290  0.511  1.000  3000.       3.7653  0.0000  0.0203  0.0205       20.000
React[11]    237.3  -44.0       0.283  0.536  1.000  3000.       3.2759  0.0000  0.0103  0.0028       20.001
React[12]    237.0  -44.1       0.280  0.576  1.000  3000.       2.8071  0.0000  0.0101  0.0000       20.002
NON--[13]    238.3  0.000       0.000  0.000  0.000  0.000       2.3400  0.0000  0.0091  0.0000       20.002
React[14]    238.7  -44.3       0.283  0.633  1.000  3000.       2.3391  0.0000  0.0095  0.0000       20.002
React[15]    239.3  -44.1       0.281  0.693  1.000  3000.       1.8764  0.0000  0.0101  0.0000       20.002
React[16]    241.9  -44.1       0.282  0.771  1.000  3000.       1.4101  0.0000  0.0102  0.0000       20.002
React[17]    246.8  -45.3       0.279  0.864  1.000  3000.       0.9424  0.0000  0.0146  0.0000       20.001
React[18]    299.9  -45.5       0.294  0.988  1.000  3000.       0.4720  0.0000  0.0052  0.0000       20.004
NON--[19]    299.9  0.000       0.000  0.000  0.000  0.000       0.0001  0.0000  0.0052  0.0000       19.802
NON--[20]    300.2  0.000       0.000  0.000  0.000  0.000       0.0001  0.0000  0.0052  0.0000       19.792

stages       T      Q                                            V               L       P            P_VLE 
reboiler     350.0  0.238                                        0.0001                  0.0050       19.809
------------------------------------------------------------------------------------------------------------
The following is considered as dry
naphtha       :	0.75	|	Wet flow:	0.0871	|	Dry flow:	0.0828
gasoline      :	0.75	|	Wet flow:	0.1024	|	Dry flow:	0.0876
diesel        :	0.60	|	Wet flow:	0.0263	|	Dry flow:	0.0229
heavy         :	0.85	|	Wet flow:	0.0050	|	Dry flow:	0.0046
intermediate  :	1.00	|	Wet flow:	0.0002	|	Dry flow:	0.0002
============================================================================================================
2018-08-04 01:33:37 - Function time
Elapsed time: 0:01:35
Total time:   0:01:45
============================================================================================================

> Optimized Gasoline Location
------------------------------------------------------------------------------------------------------------
Here comes the result:
Total Conversion: 87.50%
------------------------------------------------------------------------------------------------------------
stages       T      Q                                            V               L       P            W     
condenser    30.00  -151.                                        2.1361          0.7792  0.0812       2.3198

stages       T      Q           r_FT   Conv%  F      cat         V       Re      L       P            P_VLE 
NON--[1]     127.5  0.000       0.000  0.000  0.000  0.000       5.3164  0.0000  0.9217  0.0000       20.000
NON--[2]     141.2  0.000       0.000  0.000  0.000  0.000       5.4589  0.0000  0.8360  0.0000       20.000
NON--[3]     152.9  0.000       0.000  0.000  0.000  0.000       5.3733  0.0000  0.7452  0.0000       20.000
NON--[4]     165.4  0.000       0.000  0.000  0.000  0.000       5.2825  0.0000  0.6025  0.0084       20.000
NON--[5]     181.6  0.000       0.000  0.000  0.000  0.000       5.1483  0.0000  0.3498  0.0832       20.000
NON--[6]     202.7  0.000       0.000  0.000  0.000  0.000       4.9788  0.0000  0.2260  0.0151       20.000
NON--[7]     218.7  0.000       0.000  0.000  0.000  0.000       4.8701  0.0000  0.1695  0.0000       20.000
React[8]     228.2  -40.8       0.256  0.386  1.000  3000.       4.8136  0.0000  0.1289  0.0000       20.000
React[9]     235.7  -42.3       0.279  0.454  1.000  3000.       4.2655  0.0000  0.0813  0.0040       20.000
React[10]    238.5  -43.0       0.291  0.499  1.000  3000.       3.7534  0.0000  0.0111  0.0300       20.000
React[11]    235.1  -43.9       0.280  0.519  1.000  3000.       3.2648  0.0000  0.0032  0.0040       20.003
React[12]    235.1  -44.0       0.278  0.561  1.000  3000.       2.7958  0.0000  0.0048  0.0000       20.005
NON--[13]    236.7  0.000       0.000  0.000  0.000  0.000       2.3276  0.0000  0.0045  0.0000       20.005
React[14]    236.8  -44.1       0.280  0.619  1.000  3000.       2.3273  0.0000  0.0059  0.0000       20.004
React[15]    238.0  -44.0       0.279  0.682  1.000  3000.       1.8620  0.0000  0.0071  0.0000       20.003
React[16]    241.0  -44.1       0.281  0.762  1.000  3000.       1.3941  0.0000  0.0076  0.0000       20.003
React[17]    247.2  -44.6       0.282  0.858  1.000  3000.       0.9255  0.0000  0.0079  0.0000       20.003
React[18]    276.6  -45.5       0.299  0.970  1.000  3000.       0.4564  0.0000  0.0038  0.0000       20.006
NON--[19]    276.7  0.000       0.000  0.000  0.000  0.000       0.0001  0.0000  0.0038  0.0000       19.838
NON--[20]    277.4  0.000       0.000  0.000  0.000  0.000       0.0001  0.0000  0.0038  0.0000       19.841

stages       T      Q                                            V               L       P            P_VLE 
reboiler     350.0  0.252                                        0.0001                  0.0036       19.865
------------------------------------------------------------------------------------------------------------
The following is considered as dry
naphtha       :	0.75	|	Wet flow:	0.0812	|	Dry flow:	0.0771
gasoline      :	0.75	|	Wet flow:	0.1070	|	Dry flow:	0.0877
diesel        :	0.60	|	Wet flow:	0.0383	|	Dry flow:	0.0333
heavy         :	0.85	|	Wet flow:	0.0036	|	Dry flow:	0.0033
intermediate  :	1.00	|	Wet flow:	0.0002	|	Dry flow:	0.0002
============================================================================================================
2018-08-04 01:34:14 - Function time
Elapsed time: 0:00:37
Total time:   0:02:22
============================================================================================================

> Optimized Diesel Location
------------------------------------------------------------------------------------------------------------
Here comes the result:
Total Conversion: 87.74%
------------------------------------------------------------------------------------------------------------
stages       T      Q                                            V               L       P            W     
condenser    30.00  -154.                                        2.0985          0.8402  0.0821       2.3345

stages       T      Q           r_FT   Conv%  F      cat         V       Re      L       P            P_VLE 
NON--[1]     128.5  0.000       0.000  0.000  0.000  0.000       5.3554  0.0000  1.0040  0.0000       20.000
NON--[2]     142.5  0.000       0.000  0.000  0.000  0.000       5.5192  0.0000  0.9182  0.0000       20.000
NON--[3]     154.4  0.000       0.000  0.000  0.000  0.000       5.4334  0.0000  0.8275  0.0000       20.000
NON--[4]     166.8  0.000       0.000  0.000  0.000  0.000       5.3428  0.0000  0.6876  0.0050       20.000
NON--[5]     182.7  0.000       0.000  0.000  0.000  0.000       5.2079  0.0000  0.4327  0.0804       20.000
NON--[6]     203.4  0.000       0.000  0.000  0.000  0.000       5.0335  0.0000  0.2899  0.0237       20.000
NON--[7]     220.2  0.000       0.000  0.000  0.000  0.000       4.9145  0.0000  0.2310  0.0001       20.000
React[8]     230.0  -41.0       0.261  0.396  1.000  3000.       4.8557  0.0000  0.1849  0.0000       20.000
React[9]     236.2  -42.0       0.281  0.457  1.000  3000.       4.3107  0.0000  0.1375  0.0000       20.000
React[10]    236.6  -43.0       0.281  0.491  1.000  3000.       3.7979  0.0000  0.1058  0.0000       20.000
React[11]    237.4  -43.5       0.281  0.530  1.000  3000.       3.3004  0.0000  0.0799  0.0017       20.000
React[12]    240.1  -43.1       0.291  0.583  1.000  3000.       2.8111  0.0000  0.0197  0.0292       20.000
NON--[13]    234.4  0.000       0.000  0.000  0.000  0.000       2.3308  0.0000  0.0020  0.0093       20.002
React[14]    236.8  -44.2       0.282  0.614  1.000  3000.       2.3224  0.0000  0.0026  0.0000       20.009
React[15]    236.7  -44.0       0.279  0.671  1.000  3000.       1.8600  0.0000  0.0040  0.0000       20.006
React[16]    239.1  -44.0       0.279  0.750  1.000  3000.       1.3924  0.0000  0.0049  0.0000       20.004
React[17]    244.9  -44.4       0.281  0.848  1.000  3000.       0.9232  0.0000  0.0054  0.0000       20.004
React[18]    271.4  -45.5       0.299  0.964  1.000  3000.       0.4535  0.0000  0.0023  0.0000       20.010
NON--[19]    271.5  0.000       0.000  0.000  0.000  0.000       0.0001  0.0000  0.0023  0.0000       19.759
NON--[20]    272.3  0.000       0.000  0.000  0.000  0.000       0.0001  0.0000  0.0023  0.0000       19.765

stages       T      Q                                            V               L       P            P_VLE 
reboiler     350.0  0.165                                        0.0001                  0.0022       19.805
------------------------------------------------------------------------------------------------------------
The following is considered as dry
naphtha       :	0.75	|	Wet flow:	0.0821	|	Dry flow:	0.0780
gasoline      :	0.75	|	Wet flow:	0.1095	|	Dry flow:	0.0903
diesel        :	0.60	|	Wet flow:	0.0404	|	Dry flow:	0.0351
heavy         :	0.85	|	Wet flow:	0.0022	|	Dry flow:	0.0020
intermediate  :	1.00	|	Wet flow:	0.0002	|	Dry flow:	0.0002
============================================================================================================
2018-08-04 01:34:44 - Function time
Elapsed time: 0:00:30
Total time:   0:02:52
============================================================================================================

> Optimized Feed Amount and Location
------------------------------------------------------------------------------------------------------------
Here comes the result:
Total Conversion: 89.64%
------------------------------------------------------------------------------------------------------------
stages       T      Q                                            V               L       P            W     
condenser    30.00  -148.                                        1.8063          0.6132  0.0879       2.4335

stages       T      Q           r_FT   Conv%  F      cat         V       Re      L       P            P_VLE 
NON--[1]     122.7  0.000       0.000  0.000  0.000  0.000       4.9411  0.0000  0.7137  0.0000       20.000
NON--[2]     131.3  0.000       0.000  0.000  0.000  0.000       5.0416  0.0000  0.6538  0.0000       20.000
NON--[3]     139.1  0.000       0.000  0.000  0.000  0.000       4.9817  0.0000  0.6030  0.0000       20.000
NON--[4]     147.1  0.000       0.000  0.000  0.000  0.000       4.9310  0.0000  0.5343  0.0001       20.000
NON--[5]     157.1  0.000       0.000  0.000  0.000  0.000       4.8624  0.0000  0.4016  0.0216       20.000
NON--[6]     172.2  0.000       0.000  0.000  0.000  0.000       4.7514  0.0000  0.1735  0.1007       20.000
NON--[7]     190.7  0.000       0.000  0.000  0.000  0.000       4.6236  0.0000  0.1114  0.0086       20.000
React[8]     200.0  -25.1       0.038  0.100  0.106  3000.       4.5701  0.0000  0.2926  0.0000       20.000
React[9]     239.9  -23.0       0.201  0.374  0.599  3000.       4.7203  0.0000  0.2159  0.0000       20.000
React[10]    239.5  -31.8       0.219  0.388  0.651  3000.       4.4252  0.0000  0.1825  0.0000       20.000
React[11]    239.0  -35.0       0.239  0.402  0.708  3000.       4.1551  0.0000  0.1585  0.0000       20.000
React[12]    238.4  -38.9       0.264  0.420  0.000  3000.       3.8750  0.0000  0.1511  0.0000       20.000
NON--[13]    231.5  0.000       0.000  0.000  0.782  0.000       4.3691  0.0000  0.1200  0.0000       20.000
React[14]    238.0  -44.3       0.301  0.443  0.882  3000.       3.5558  0.0000  0.1067  0.0000       20.000
React[15]    237.4  -52.5       0.353  0.472  1.014  3000.       3.2319  0.0000  0.0912  0.0000       20.000
React[16]    236.7  -66.8       0.443  0.513  0.615  3000.       2.8724  0.0000  0.0802  0.0014       20.000
React[17]    234.0  -136.       0.815  0.550  4.576  3000.       3.0894  0.0000  0.0132  0.0298       20.000
React[18]    299.9  -2.31       0.018  0.999  0.000  3000.       0.0297  0.0000  0.0004  0.0116       20.001
NON--[19]    207.9  0.000       0.000  0.000  0.000  0.000       0.0629  0.0000  0.0001  0.0001       20.105
NON--[20]    198.3  0.000       0.000  0.000  0.062  0.000       0.0627  0.0000  0.0000  0.0000       20.413

stages       T      Q                                            V               L       P            P_VLE 
reboiler     350.0  0.004                                        0.0000                  0.0000       3.6879
------------------------------------------------------------------------------------------------------------
The following is considered as dry
naphtha       :	0.75	|	Wet flow:	0.0879	|	Dry flow:	0.0833
gasoline      :	0.75	|	Wet flow:	0.1313	|	Dry flow:	0.1019
diesel        :	0.61	|	Wet flow:	0.0432	|	Dry flow:	0.0398
heavy         :	0.85	|	Wet flow:	0.0000	|	Dry flow:	0.0000
intermediate  :	1.00	|	Wet flow:	0.0002	|	Dry flow:	0.0002
============================================================================================================
2018-08-04 01:45:26 - Function time
Elapsed time: 0:10:42
Total time:   0:13:34
============================================================================================================
