
> Original 20 stage case
------------------------------------------------------------------------------------------------------------
Here comes the result:
------------------------------------------------------------------------------------------------------------
stages		T	Q						V_Prod	L_out	L_Prod		W
Condenser	30.00	-134.						3.0267	0.6407	0.0337		2.0655

stages		T	Q	r_FT	Conv%	F	cat		V_out	L_out	L_Prod		P_VLE
NON--[1]	119.3	0.000	0.0000	0.000	0.00	0.000		5.7667	0.7437	0.0000		20.000
NON--[2]	131.1	0.000	0.0000	0.000	0.00	0.000		5.8697	0.6752	0.0000		20.000
NON--[3]	140.3	0.000	0.0000	0.000	0.00	0.000		5.8012	0.6136	0.0000		20.000
NON--[4]	148.7	0.000	0.0000	0.000	0.00	0.000		5.7396	0.5249	0.0218		20.000
NON--[5]	157.3	0.000	0.0000	0.000	0.00	0.000		5.6727	0.4430	0.0000		20.000
NON--[6]	167.3	0.000	0.0000	0.000	0.00	0.000		5.5909	0.3311	0.0000		20.000
NON--[7]	181.1	0.000	0.0000	0.000	0.00	0.000		5.4790	0.1558	0.0389		20.000
React[8]	200.0	-24.4	0.1555	0.201	1.00	3000.		5.3427	0.0671	0.0000		20.000
React[9]	210.0	-33.7	0.1961	0.306	1.00	3000.		4.5610	0.0521	0.0000		20.000
React[10]	220.0	-38.8	0.2284	0.424	1.00	3000.		3.9304	0.0359	0.0153		20.000
React[11]	230.0	-41.6	0.2499	0.541	1.00	3000.		3.3726	0.0387	0.0000		20.000
React[12]	240.0	-43.3	0.2601	0.657	1.00	3000.		2.8543	0.0433	0.0000		20.000
NON--[13]	255.9	0.000	0.0000	0.000	0.00	0.000		2.3509	0.0401	0.0000		20.000
React[14]	260.0	-44.9	0.2857	0.798	1.00	3000.		2.3477	0.0371	0.0000		20.000
React[15]	270.0	-45.2	0.2917	0.874	1.00	3000.		1.8736	0.0318	0.0000		20.000
React[16]	280.0	-45.6	0.2950	0.930	1.00	3000.		1.4044	0.0250	0.0000		20.000
React[17]	290.0	-45.8	0.2956	0.967	1.00	3000.		0.9372	0.0176	0.0000		20.001
React[18]	300.0	-46.0	0.2942	0.988	1.00	3000.		0.4695	0.0109	0.0000		20.002
NON--[19]	299.9	0.000	0.0000	0.000	0.00	0.000		0.0002	0.0109	0.0000		19.900
NON--[20]	300.2	0.000	0.0000	0.000	0.00	0.000		0.0002	0.0109	0.0000		19.898

stages		T	Q						V_out	L_out	L_P		P_VLE
Reboiler	350.0	0.550						0.0002	0.0000	0.0107		19.906
------------------------------------------------------------------------------------------------------------
Napha:		0.43
Gasoline:	0.39
Diesel:		0.30
Heavy:		0.44
============================================================================================================
2018-07-19 22:30:06 - Function time
Elapsed time: 0:00:07
Total time:   0:00:07
============================================================================================================
No Optimal Solution Found

> Optimized Product Side Draw
------------------------------------------------------------------------------------------------------------
Here comes the result:
------------------------------------------------------------------------------------------------------------
stages		T	Q						V_Prod	L_out	L_Prod		W
Condenser	30.00	-162.						2.1130	0.9770	0.0913		2.3385

stages		T	Q	r_FT	Conv%	F	cat		V_out	L_out	L_Prod		P_VLE
NON--[1]	132.4	0.000	0.0000	0.000	0.00	0.000		5.5200	1.2092	0.0000		20.000
NON--[2]	147.6	0.000	0.0000	0.000	0.00	0.000		5.7522	1.1552	0.0000		20.000
NON--[3]	158.2	0.000	0.0000	0.000	0.00	0.000		5.6982	1.1103	0.0000		20.000
NON--[4]	166.7	0.000	0.0000	0.000	0.00	0.000		5.6533	1.0491	0.0000		20.000
NON--[5]	175.0	0.000	0.0000	0.000	0.00	0.000		5.5921	0.9481	0.0000		20.000
NON--[6]	185.5	0.000	0.0000	0.000	0.00	0.000		5.4911	0.7684	0.0000		20.000
NON--[7]	202.5	0.000	0.0000	0.000	0.00	0.000		5.3114	0.4072	0.1056		20.000
React[8]	229.5	-32.2	0.2554	0.393	1.00	3000.		5.0559	0.1561	0.0000		20.000
React[9]	237.0	-41.5	0.2794	0.464	1.00	3000.		4.2945	0.0795	0.0000		20.000
React[10]	240.2	-43.0	0.2927	0.512	1.00	3000.		3.7485	0.0107	0.0276		20.000
React[11]	236.4	-44.0	0.2816	0.530	1.00	3000.		3.2609	0.0073	0.0000		20.003
React[12]	236.5	-44.0	0.2793	0.573	1.00	3000.		2.7926	0.0082	0.0000		20.003
NON--[13]	238.4	0.000	0.0000	0.000	0.00	0.000		2.3243	0.0075	0.0000		20.003
React[14]	238.7	-44.2	0.2825	0.633	1.00	3000.		2.3236	0.0083	0.0000		20.002
React[15]	239.8	-44.1	0.2814	0.694	1.00	3000.		1.8596	0.0090	0.0000		20.002
React[16]	242.9	-44.2	0.2825	0.773	1.00	3000.		1.3927	0.0091	0.0000		20.002
React[17]	249.2	-44.7	0.2843	0.866	1.00	3000.		0.9254	0.0093	0.0000		20.002
React[18]	278.4	-45.5	0.2990	0.972	1.00	3000.		0.4575	0.0047	0.0000		20.005
NON--[19]	278.5	0.000	0.0000	0.000	0.00	0.000		0.0001	0.0047	0.0000		19.866
NON--[20]	279.1	0.000	0.0000	0.000	0.00	0.000		0.0001	0.0048	0.0000		19.869

stages		T	Q						V_out	L_out	L_P		P_VLE
Reboiler	350.0	0.305						0.0002	0.0000	0.0045		19.888
------------------------------------------------------------------------------------------------------------
Napha:		0.43
Gasoline:	0.38
Diesel:		0.30
Heavy:		0.43
============================================================================================================
2018-07-19 22:30:28 - Function time
Elapsed time: 0:00:22
Total time:   0:00:29
============================================================================================================
No Optimal Solution Found

> Optimized Feed Amount and Location
------------------------------------------------------------------------------------------------------------
Here comes the result:
------------------------------------------------------------------------------------------------------------
stages		T	Q						V_Prod	L_out	L_Prod		W
Condenser	30.00	-147.						1.9105	0.6176	0.0990		2.3902

stages		T	Q	r_FT	Conv%	F	cat		V_out	L_out	L_Prod		P_VLE
NON--[1]	124.2	0.000	0.0000	0.000	0.00	0.000		5.0176	0.7252	0.0000		20.000
NON--[2]	133.6	0.000	0.0000	0.000	0.00	0.000		5.1251	0.6728	0.0000		20.000
NON--[3]	140.9	0.000	0.0000	0.000	0.00	0.000		5.0728	0.6341	0.0000		20.000
NON--[4]	147.5	0.000	0.0000	0.000	0.00	0.000		5.0341	0.5913	0.0000		20.000
NON--[5]	154.0	0.000	0.0000	0.000	0.00	0.000		4.9912	0.5292	0.0000		20.000
NON--[6]	162.3	0.000	0.0000	0.000	0.00	0.000		4.9291	0.4181	0.0000		20.000
NON--[7]	176.5	0.000	0.0000	0.000	0.00	0.000		4.8180	0.1277	0.1236		20.000
React[8]	200.0	-19.6	0.0403	0.101	0.11	3000.		4.6513	0.1784	0.0000		20.000
React[9]	240.7	-28.4	0.2251	0.387	0.66	3000.		4.6703	0.0879	0.0000		20.000
React[10]	243.2	-38.5	0.2771	0.432	0.82	3000.		4.3368	0.0043	0.0313		20.000
React[11]	239.5	-41.5	0.2775	0.423	0.81	3000.		3.9840	0.0029	0.0000		20.008
React[12]	239.0	-47.0	0.3130	0.444	0.00	3000.		3.6881	0.0046	0.0000		20.005
NON--[13]	232.8	0.000	0.0000	0.000	0.91	0.000		4.2825	0.0033	0.0000		20.007
React[14]	238.6	-55.4	0.3688	0.474	1.06	3000.		3.3635	0.0054	0.0000		20.004
React[15]	238.3	-70.4	0.4645	0.516	0.76	3000.		3.0035	0.0077	0.0000		20.003
React[16]	237.2	-148.	0.8820	0.574	4.75	3000.		3.1192	0.0065	0.0000		20.003
React[17]	299.9	0.279	0.0004	0.999	0.00	3000.		0.0358	0.0068	0.0000		20.002
React[18]	299.9	-3.65	0.0220	0.999	0.00	3000.		0.0357	0.0069	0.0000		20.002
NON--[19]	279.6	0.000	0.0000	0.000	0.00	0.000		0.0761	0.0056	0.0000		20.004
NON--[20]	252.1	0.000	0.0000	0.000	0.07	0.000		0.0748	0.0051	0.0000		20.004

stages		T	Q						V_out	L_out	L_P		P_VLE
Reboiler	350.0	0.492						0.0000	0.0000	0.0051		15.920
------------------------------------------------------------------------------------------------------------
Napha:		0.43
Gasoline:	0.38
Diesel:		0.30
Heavy:		0.43
============================================================================================================
2018-07-19 22:31:06 - Function time
Elapsed time: 0:00:38
Total time:   0:01:07
============================================================================================================
No Optimal Solution Found

> Optimized Catalyst Amount and Location
------------------------------------------------------------------------------------------------------------
Here comes the result:
------------------------------------------------------------------------------------------------------------
stages		T	Q						V_Prod	L_out	L_Prod		W
Condenser	30.00	-150.						1.6920	0.5957	0.0975		2.4840

stages		T	Q	r_FT	Conv%	F	cat		V_out	L_out	L_Prod		P_VLE
React[1]	124.9	0.000	0.0000	0.000	0.00	10.00		4.8694	0.7015	0.0000		20.000
React[2]	133.5	0.000	0.0000	0.000	0.00	10.00		4.9752	0.6505	0.0000		20.000
React[3]	140.6	0.000	0.0000	0.000	0.00	10.00		4.9242	0.6134	0.0000		20.000
React[4]	147.0	0.000	0.0000	0.000	0.00	10.00		4.8871	0.5722	0.0000		20.000
React[5]	153.7	0.000	0.0000	0.000	0.00	10.00		4.8459	0.5115	0.0000		20.000
React[6]	162.2	0.000	0.0000	0.000	0.00	10.00		4.7852	0.4027	0.0000		20.000
React[7]	176.7	0.000	0.0000	0.000	0.00	10.00		4.6765	0.1124	0.1325		20.000
React[8]	200.0	-11.7	0.0001	0.000	0.00	10.00		4.5188	0.1591	0.0000		20.000
React[9]	237.0	-133.	0.8306	0.724	0.00	14519		4.5659	0.2189	0.0000		20.000
React[10]	250.7	13.67	0.0053	0.005	2.54	10.00		6.2028	0.0152	0.0291		20.000
React[11]	236.0	-31.9	0.2120	0.392	0.62	2723.		3.4901	0.0131	0.0000		20.001
React[12]	235.6	-35.2	0.2292	0.404	0.67	2648.		3.2637	0.0154	0.0000		20.001
React[13]	239.1	0.000	0.0052	0.015	0.01	46.07		3.0282	0.0115	0.0000		20.002
React[14]	235.3	-37.4	0.2474	0.415	0.72	2503.		3.0174	0.0140	0.0000		20.001
React[15]	235.0	-38.8	0.2567	0.414	0.73	2218.		2.7686	0.0165	0.0000		20.001
React[16]	234.6	-40.0	0.2634	0.408	0.61	1879.		2.5260	0.0200	0.0000		20.001
React[17]	233.9	-63.5	0.3935	0.468	0.00	1954.		2.4141	0.0296	0.0000		20.000
React[18]	233.4	-80.9	0.4450	0.346	0.00	1341.		3.1738	0.0330	0.0000		20.000
React[19]	235.1	0.000	0.0042	0.003	0.00	10.13		4.0261	0.0226	0.0000		20.001
React[20]	233.2	0.000	0.0253	0.019	4.06	65.12		4.0234	0.0112	0.0000		20.002

stages		T	Q						V_out	L_out	L_P		P_VLE
Reboiler	350.0	1.219						0.0000	0.0000	0.0111		15.536
------------------------------------------------------------------------------------------------------------
Napha:		0.43
Gasoline:	0.38
Diesel:		0.36
Heavy:		0.43
============================================================================================================
2018-07-19 22:32:49 - Function time
Elapsed time: 0:01:43
Total time:   0:02:50
============================================================================================================
No Optimal Solution Found
