
> First Solve, disconnected reactive stages
------------------------------------------------------------------------------------------------------------
stages       T      Q           r_FT   Conv%  F      cat         V       Re      L       P            P_VLE 
React[1]     220.0  -43.3       0.266  0.815  1.000  3000.       0.0000  0.0000  0.0000  0.0064       20.038
React[2]     220.0  -43.3       0.266  0.815  1.000  3000.       0.0000  0.0000  0.0000  0.0064       20.038
React[3]     220.0  -43.3       0.266  0.815  1.000  3000.       0.0000  0.0000  0.0000  0.0064       20.038
React[4]     220.0  -43.3       0.266  0.815  1.000  3000.       0.0000  0.0000  0.0000  0.0064       20.038
React[5]     220.0  -43.3       0.266  0.815  1.000  3000.       0.0000  0.0000  0.0000  0.0064       20.038
React[6]     220.0  -43.3       0.266  0.815  1.000  3000.       0.0000  0.0000  0.0000  0.0064       20.038
React[7]     220.0  -43.3       0.266  0.815  1.000  3000.       0.0000  0.0000  0.0000  0.0064       20.038
React[8]     220.0  -43.3       0.266  0.815  1.000  3000.       0.0000  0.0000  0.0000  0.0064       20.038
React[9]     220.0  -43.3       0.266  0.815  1.000  3000.       0.0000  0.0000  0.0000  0.0064       20.038
React[10]    220.0  -43.3       0.266  0.815  1.000  3000.       0.0000  0.0000  0.0000  0.0064       20.038
React[11]    220.0  -43.3       0.266  0.815  1.000  3000.       0.0000  0.0000  0.0000  0.0064       20.038
React[12]    220.0  -43.3       0.266  0.815  1.000  3000.       0.0000  0.0000  0.0000  0.0064       20.038
React[13]    220.0  -43.3       0.266  0.815  1.000  3000.       0.0000  0.0000  0.0000  0.0064       20.038
React[14]    220.0  -43.3       0.266  0.815  1.000  3000.       0.0000  0.0000  0.0000  0.0064       20.038
React[15]    220.0  -43.3       0.266  0.815  1.000  3000.       0.0000  0.0000  0.0000  0.0064       20.038
React[16]    220.0  -43.3       0.266  0.815  1.000  3000.       0.0000  0.0000  0.0000  0.0064       20.038
React[17]    220.0  -43.3       0.266  0.815  1.000  3000.       0.0000  0.0000  0.0000  0.0064       20.038
React[18]    220.0  -43.3       0.266  0.815  1.000  3000.       0.0000  0.0000  0.0000  0.0064       20.038
React[19]    220.0  -43.3       0.266  0.815  1.000  3000.       0.0000  0.0000  0.0000  0.0064       20.038
React[20]    220.0  -43.3       0.266  0.815  1.000  3000.       0.0000  0.0000  0.0000  0.0064       20.038
============================================================================================================
2018-09-19 19:14:37 - Function time
Elapsed time: 0:00:37
Total time:   0:00:37
============================================================================================================
EXIT: Optimal Solution Found.
Iteration Count: 131


> Connect stages and solve with 0 inter-stage flow
============================================================================================================
2018-09-19 19:14:45 - Function time
Elapsed time: 0:00:08
Total time:   0:00:45
============================================================================================================
EXIT: Optimal Solution Found.
Iteration Count: 5


> Working on PR ratio = 0.80
------------------------------------------------------------------------------------------------------------
stages       T      Q           r_FT   Conv%  F      cat         V       Re      L       P            P_VLE 
React[1]     220.0  -43.3       0.266  0.779  1.000  3000.       0.1193  0.0000  0.0012  0.0051       20.038
React[2]     220.0  -43.2       0.266  0.779  1.000  3000.       0.1193  0.0000  0.0015  0.0061       20.031
React[3]     220.0  -43.2       0.266  0.779  1.000  3000.       0.1193  0.0000  0.0016  0.0063       20.030
React[4]     220.0  -43.2       0.266  0.779  1.000  3000.       0.1193  0.0000  0.0016  0.0064       20.030
React[5]     220.0  -43.2       0.266  0.779  1.000  3000.       0.1193  0.0000  0.0016  0.0064       20.030
React[6]     220.0  -43.2       0.266  0.779  1.000  3000.       0.1193  0.0000  0.0016  0.0064       20.030
React[7]     220.0  -43.2       0.266  0.779  1.000  3000.       0.1193  0.0000  0.0016  0.0064       20.030
React[8]     220.0  -43.2       0.266  0.779  1.000  3000.       0.1193  0.0000  0.0016  0.0064       20.030
React[9]     220.0  -43.2       0.266  0.779  1.000  3000.       0.1193  0.0000  0.0016  0.0064       20.030
React[10]    220.0  -43.2       0.266  0.779  1.000  3000.       0.1193  0.0000  0.0016  0.0064       20.030
React[11]    220.0  -43.2       0.266  0.779  1.000  3000.       0.1193  0.0000  0.0016  0.0064       20.030
React[12]    220.0  -43.2       0.266  0.779  1.000  3000.       0.1193  0.0000  0.0016  0.0064       20.030
React[13]    220.0  -43.2       0.266  0.779  1.000  3000.       0.1193  0.0000  0.0016  0.0064       20.030
React[14]    220.0  -43.2       0.266  0.779  1.000  3000.       0.1193  0.0000  0.0016  0.0064       20.030
React[15]    220.0  -43.2       0.266  0.779  1.000  3000.       0.1193  0.0000  0.0016  0.0064       20.030
React[16]    220.0  -43.2       0.266  0.779  1.000  3000.       0.1193  0.0000  0.0016  0.0064       20.030
React[17]    220.0  -43.2       0.266  0.779  1.000  3000.       0.1191  0.0000  0.0016  0.0064       20.030
React[18]    220.0  -43.2       0.266  0.780  1.000  3000.       0.1184  0.0000  0.0016  0.0064       20.030
React[19]    220.0  -43.2       0.266  0.786  1.000  3000.       0.1146  0.0000  0.0016  0.0064       20.030
React[20]    220.0  -43.2       0.266  0.815  1.000  3000.       0.0955  0.0000  0.0016  0.0064       20.030
============================================================================================================
2018-09-19 19:14:52 - Function time
Elapsed time: 0:00:07
Total time:   0:00:52
============================================================================================================
EXIT: Optimal Solution Found.
Iteration Count: 7


> Working on PR ratio = 0.60
------------------------------------------------------------------------------------------------------------
stages       T      Q           r_FT   Conv%  F      cat         V       Re      L       P            P_VLE 
React[1]     220.0  -43.3       0.266  0.726  1.000  3000.       0.3183  0.0000  0.0025  0.0038       20.038
React[2]     220.0  -43.2       0.266  0.725  1.000  3000.       0.3183  0.0000  0.0036  0.0054       20.027
React[3]     220.0  -43.2       0.266  0.725  1.000  3000.       0.3183  0.0000  0.0040  0.0060       20.024
React[4]     220.0  -43.2       0.266  0.725  1.000  3000.       0.3183  0.0000  0.0041  0.0062       20.023
React[5]     220.0  -43.2       0.266  0.725  1.000  3000.       0.3183  0.0000  0.0042  0.0063       20.023
React[6]     220.0  -43.2       0.266  0.725  1.000  3000.       0.3183  0.0000  0.0042  0.0064       20.023
React[7]     220.0  -43.2       0.266  0.725  1.000  3000.       0.3183  0.0000  0.0042  0.0064       20.023
React[8]     220.0  -43.2       0.266  0.725  1.000  3000.       0.3183  0.0000  0.0042  0.0064       20.023
React[9]     220.0  -43.2       0.266  0.725  1.000  3000.       0.3183  0.0000  0.0042  0.0064       20.023
React[10]    220.0  -43.2       0.266  0.725  1.000  3000.       0.3183  0.0000  0.0042  0.0064       20.023
React[11]    220.0  -43.2       0.266  0.725  1.000  3000.       0.3183  0.0000  0.0042  0.0064       20.023
React[12]    220.0  -43.2       0.266  0.725  1.000  3000.       0.3182  0.0000  0.0042  0.0064       20.023
React[13]    220.0  -43.2       0.266  0.726  1.000  3000.       0.3181  0.0000  0.0042  0.0064       20.023
React[14]    220.0  -43.2       0.266  0.726  1.000  3000.       0.3178  0.0000  0.0042  0.0064       20.023
React[15]    220.0  -43.2       0.266  0.726  1.000  3000.       0.3170  0.0000  0.0042  0.0064       20.023
React[16]    220.0  -43.2       0.266  0.727  1.000  3000.       0.3151  0.0000  0.0042  0.0064       20.023
React[17]    220.0  -43.2       0.266  0.731  1.000  3000.       0.3102  0.0000  0.0042  0.0064       20.023
React[18]    220.0  -43.2       0.266  0.738  1.000  3000.       0.2979  0.0000  0.0042  0.0064       20.022
React[19]    220.0  -43.2       0.266  0.759  1.000  3000.       0.2674  0.0000  0.0042  0.0064       20.022
React[20]    220.0  -43.2       0.266  0.815  1.000  3000.       0.1910  0.0000  0.0042  0.0064       20.022
============================================================================================================
2018-09-19 19:15:01 - Function time
Elapsed time: 0:00:08
Total time:   0:01:00
============================================================================================================
EXIT: Optimal Solution Found.
Iteration Count: 6


> Working on PR ratio = 0.40
------------------------------------------------------------------------------------------------------------
stages       T      Q           r_FT   Conv%  F      cat         V       Re      L       P            P_VLE 
React[1]     220.0  -43.3       0.266  0.638  1.000  3000.       0.7162  0.0000  0.0038  0.0025       20.038
React[2]     220.0  -43.2       0.266  0.638  1.000  3000.       0.7162  0.0000  0.0061  0.0041       20.024
React[3]     220.0  -43.2       0.266  0.638  1.000  3000.       0.7162  0.0000  0.0075  0.0050       20.019
React[4]     220.0  -43.2       0.266  0.638  1.000  3000.       0.7162  0.0000  0.0083  0.0056       20.017
React[5]     220.0  -43.2       0.266  0.638  1.000  3000.       0.7161  0.0000  0.0088  0.0059       20.016
React[6]     220.0  -43.2       0.266  0.638  1.000  3000.       0.7160  0.0000  0.0091  0.0061       20.016
React[7]     220.0  -43.2       0.266  0.638  1.000  3000.       0.7157  0.0000  0.0093  0.0062       20.015
React[8]     220.0  -43.2       0.266  0.638  1.000  3000.       0.7154  0.0000  0.0094  0.0063       20.015
React[9]     220.0  -43.2       0.266  0.638  1.000  3000.       0.7147  0.0000  0.0095  0.0063       20.015
React[10]    220.0  -43.2       0.266  0.639  1.000  3000.       0.7137  0.0000  0.0095  0.0063       20.015
React[11]    220.0  -43.2       0.266  0.639  1.000  3000.       0.7120  0.0000  0.0096  0.0064       20.015
React[12]    220.0  -43.2       0.266  0.640  1.000  3000.       0.7091  0.0000  0.0096  0.0064       20.015
React[13]    220.0  -43.2       0.266  0.642  1.000  3000.       0.7043  0.0000  0.0096  0.0064       20.015
React[14]    220.0  -43.2       0.266  0.644  1.000  3000.       0.6963  0.0000  0.0096  0.0064       20.015
React[15]    220.0  -43.2       0.266  0.649  1.000  3000.       0.6829  0.0000  0.0096  0.0064       20.015
React[16]    220.0  -43.2       0.266  0.656  1.000  3000.       0.6606  0.0000  0.0096  0.0064       20.015
React[17]    220.0  -43.2       0.266  0.669  1.000  3000.       0.6235  0.0000  0.0096  0.0064       20.015
React[18]    220.0  -43.2       0.266  0.692  1.000  3000.       0.5616  0.0000  0.0096  0.0064       20.015
React[19]    220.0  -43.2       0.266  0.733  1.000  3000.       0.4584  0.0000  0.0096  0.0064       20.015
React[20]    220.0  -43.2       0.266  0.815  1.000  3000.       0.2865  0.0000  0.0096  0.0064       20.015
============================================================================================================
2018-09-19 19:15:11 - Function time
Elapsed time: 0:00:11
Total time:   0:01:11
============================================================================================================
EXIT: Optimal Solution Found.
Iteration Count: 6


> Working on PR ratio = 0.20
------------------------------------------------------------------------------------------------------------
stages       T      Q           r_FT   Conv%  F      cat         V       Re      L       P            P_VLE 
React[1]     220.0  -43.3       0.266  0.471  1.000  3000.       1.8881  0.0000  0.0051  0.0012       20.038
React[2]     220.0  -43.2       0.266  0.472  1.000  3000.       1.8827  0.0000  0.0092  0.0023       20.021
React[3]     220.0  -43.2       0.266  0.473  1.000  3000.       1.8758  0.0000  0.0125  0.0031       20.015
React[4]     220.0  -43.2       0.266  0.474  1.000  3000.       1.8673  0.0000  0.0151  0.0038       20.013
React[5]     220.0  -43.2       0.266  0.475  1.000  3000.       1.8565  0.0000  0.0172  0.0043       20.011
React[6]     220.0  -43.2       0.266  0.477  1.000  3000.       1.8431  0.0000  0.0189  0.0047       20.010
React[7]     220.0  -43.2       0.266  0.479  1.000  3000.       1.8263  0.0000  0.0203  0.0050       20.009
React[8]     220.0  -43.2       0.266  0.482  1.000  3000.       1.8053  0.0000  0.0214  0.0053       20.009
React[9]     220.0  -43.2       0.266  0.486  1.000  3000.       1.7790  0.0000  0.0222  0.0055       20.008
React[10]    220.0  -43.2       0.266  0.491  1.000  3000.       1.7462  0.0000  0.0229  0.0057       20.008
React[11]    220.0  -43.2       0.266  0.497  1.000  3000.       1.7052  0.0000  0.0235  0.0058       20.008
React[12]    220.0  -43.2       0.266  0.504  1.000  3000.       1.6539  0.0000  0.0239  0.0059       20.008
React[13]    220.0  -43.2       0.266  0.514  1.000  3000.       1.5898  0.0000  0.0242  0.0060       20.008
React[14]    220.0  -43.2       0.266  0.527  1.000  3000.       1.5097  0.0000  0.0245  0.0061       20.008
React[15]    220.0  -43.2       0.266  0.544  1.000  3000.       1.4095  0.0000  0.0248  0.0062       20.007
React[16]    220.0  -43.2       0.266  0.567  1.000  3000.       1.2843  0.0000  0.0249  0.0062       20.007
React[17]    220.0  -43.2       0.266  0.598  1.000  3000.       1.1278  0.0000  0.0251  0.0062       20.007
React[18]    220.0  -43.2       0.266  0.643  1.000  3000.       0.9322  0.0000  0.0252  0.0063       20.007
React[19]    220.0  -43.2       0.266  0.710  1.000  3000.       0.6877  0.0000  0.0253  0.0063       20.007
React[20]    220.0  -43.2       0.266  0.815  1.000  3000.       0.3820  0.0000  0.0254  0.0063       20.007
============================================================================================================
2018-09-19 19:15:22 - Function time
Elapsed time: 0:00:11
Total time:   0:01:22
============================================================================================================
EXIT: Optimal Solution Found.
Iteration Count: 6


> Working on PR ratio = 0.10
------------------------------------------------------------------------------------------------------------
stages       T      Q           r_FT   Conv%  F      cat         V       Re      L       P            P_VLE 
React[1]     220.0  -43.3       0.266  0.334  1.000  3000.       3.7754  0.0000  0.0058  0.0006       20.038
React[2]     220.0  -43.2       0.266  0.337  1.000  3000.       3.7175  0.0000  0.0110  0.0012       20.020
React[3]     220.0  -43.2       0.266  0.341  1.000  3000.       3.6531  0.0000  0.0156  0.0017       20.014
React[4]     220.0  -43.2       0.266  0.346  1.000  3000.       3.5814  0.0000  0.0199  0.0022       20.011
React[5]     220.0  -43.2       0.266  0.351  1.000  3000.       3.5018  0.0000  0.0237  0.0026       20.009
React[6]     220.0  -43.2       0.266  0.357  1.000  3000.       3.4133  0.0000  0.0271  0.0030       20.008
React[7]     220.0  -43.2       0.266  0.363  1.000  3000.       3.3150  0.0000  0.0301  0.0033       20.007
React[8]     220.0  -43.2       0.266  0.371  1.000  3000.       3.2057  0.0000  0.0329  0.0036       20.006
React[9]     220.0  -43.2       0.266  0.380  1.000  3000.       3.0843  0.0000  0.0354  0.0039       20.006
React[10]    220.0  -43.2       0.266  0.391  1.000  3000.       2.9494  0.0000  0.0376  0.0041       20.005
React[11]    220.0  -43.2       0.266  0.403  1.000  3000.       2.7996  0.0000  0.0396  0.0044       20.005
React[12]    220.0  -43.2       0.266  0.418  1.000  3000.       2.6331  0.0000  0.0415  0.0046       20.005
React[13]    220.0  -43.2       0.266  0.436  1.000  3000.       2.4480  0.0000  0.0431  0.0047       20.005
React[14]    220.0  -43.2       0.266  0.458  1.000  3000.       2.2424  0.0000  0.0446  0.0049       20.004
React[15]    220.0  -43.2       0.266  0.484  1.000  3000.       2.0140  0.0000  0.0459  0.0051       20.004
React[16]    220.0  -43.2       0.266  0.518  1.000  3000.       1.7602  0.0000  0.0471  0.0052       20.004
React[17]    220.0  -43.2       0.266  0.561  1.000  3000.       1.4782  0.0000  0.0481  0.0053       20.004
React[18]    220.0  -43.2       0.266  0.619  1.000  3000.       1.1648  0.0000  0.0491  0.0054       20.004
React[19]    220.0  -43.2       0.266  0.698  1.000  3000.       0.8167  0.0000  0.0500  0.0055       20.004
React[20]    220.0  -43.2       0.266  0.814  1.000  3000.       0.4298  0.0000  0.0508  0.0056       20.003
============================================================================================================
2018-09-19 19:15:32 - Function time
Elapsed time: 0:00:10
Total time:   0:01:32
============================================================================================================
EXIT: Optimal Solution Found.
Iteration Count: 5


> Working on PR ratio = 0.00
------------------------------------------------------------------------------------------------------------
stages       T      Q           r_FT   Conv%  F      cat         V       Re      L       P            P_VLE 
React[1]     220.0  -43.3       0.266  0.181  1.000  3000.       9.5514  0.0000  0.0064  0.0000       20.038
React[2]     220.0  -43.3       0.266  0.188  1.000  3000.       9.0741  0.0000  0.0128  0.0000       20.019
React[3]     220.0  -43.2       0.266  0.197  1.000  3000.       8.5966  0.0000  0.0193  0.0000       20.012
React[4]     220.0  -43.2       0.266  0.206  1.000  3000.       8.1191  0.0000  0.0257  0.0000       20.009
React[5]     220.0  -43.2       0.266  0.216  1.000  3000.       7.6415  0.0000  0.0321  0.0000       20.007
React[6]     220.0  -43.2       0.266  0.227  1.000  3000.       7.1640  0.0000  0.0385  0.0000       20.006
React[7]     220.0  -43.2       0.266  0.239  1.000  3000.       6.6864  0.0000  0.0450  0.0000       20.005
React[8]     220.0  -43.2       0.266  0.253  1.000  3000.       6.2088  0.0000  0.0514  0.0000       20.004
React[9]     220.0  -43.2       0.266  0.268  1.000  3000.       5.7312  0.0000  0.0578  0.0000       20.004
React[10]    220.0  -43.2       0.266  0.286  1.000  3000.       5.2536  0.0000  0.0642  0.0000       20.003
React[11]    220.0  -43.2       0.266  0.306  1.000  3000.       4.7760  0.0000  0.0707  0.0000       20.003
React[12]    220.0  -43.2       0.266  0.328  1.000  3000.       4.2984  0.0000  0.0771  0.0000       20.003
React[13]    220.0  -43.2       0.266  0.355  1.000  3000.       3.8208  0.0000  0.0835  0.0000       20.002
React[14]    220.0  -43.2       0.266  0.386  1.000  3000.       3.3432  0.0000  0.0899  0.0000       20.002
React[15]    220.0  -43.2       0.266  0.423  1.000  3000.       2.8656  0.0000  0.0964  0.0000       20.002
React[16]    220.0  -43.2       0.266  0.468  1.000  3000.       2.3880  0.0000  0.1028  0.0000       20.002
React[17]    220.0  -43.2       0.266  0.523  1.000  3000.       1.9104  0.0000  0.1092  0.0000       20.002
React[18]    220.0  -43.2       0.266  0.594  1.000  3000.       1.4328  0.0000  0.1156  0.0000       20.001
React[19]    220.0  -43.2       0.266  0.687  1.000  3000.       0.9552  0.0000  0.1221  0.0000       20.001
React[20]    220.0  -43.2       0.266  0.813  1.000  3000.       0.4776  0.0000  0.1285  0.0000       20.001
============================================================================================================
2018-09-19 19:15:43 - Function time
Elapsed time: 0:00:11
Total time:   0:01:42
============================================================================================================
EXIT: Optimal Solution Found.
Iteration Count: 6


> Initialize condenser
============================================================================================================
2018-09-19 19:15:45 - Function time
Elapsed time: 0:00:02
Total time:   0:01:44
============================================================================================================
EXIT: Optimal Solution Found.
Iteration Count: 134

