
> First Solve, disconnected reactive stages
------------------------------------------------------------------------------------------------------------
stages			T	Q	r_FT	Conversion	V_out	L_out	L_Prod		P_VLE
React-ive[1]		220.0	-43.2	0.2660	0.815		0.0000	0.0000	0.0064		20.000
React-ive[2]		220.0	-43.2	0.2660	0.815		0.0000	0.0000	0.0064		20.000
React-ive[3]		220.0	-43.2	0.2660	0.815		0.0000	0.0000	0.0064		20.000
React-ive[4]		220.0	-43.2	0.2660	0.815		0.0000	0.0000	0.0064		20.000
React-ive[5]		220.0	-43.2	0.2660	0.815		0.0000	0.0000	0.0064		20.000
React-ive[6]		220.0	-43.2	0.2660	0.815		0.0000	0.0000	0.0064		20.000
React-ive[7]		220.0	-43.2	0.2660	0.815		0.0000	0.0000	0.0064		20.000
React-ive[8]		220.0	-43.2	0.2660	0.815		0.0000	0.0000	0.0064		20.000
React-ive[9]		220.0	-43.2	0.2660	0.815		0.0000	0.0000	0.0064		20.000
React-ive[10]		220.0	-43.2	0.2660	0.815		0.0000	0.0000	0.0064		20.000
React-ive[11]		220.0	-43.2	0.2660	0.815		0.0000	0.0000	0.0064		20.000
React-ive[12]		220.0	-43.2	0.2660	0.815		0.0000	0.0000	0.0064		20.000
React-ive[13]		220.0	-43.2	0.2660	0.815		0.0000	0.0000	0.0064		20.000
React-ive[14]		220.0	-43.2	0.2660	0.815		0.0000	0.0000	0.0064		20.000
React-ive[15]		220.0	-43.2	0.2660	0.815		0.0000	0.0000	0.0064		20.000
React-ive[16]		220.0	-43.2	0.2660	0.815		0.0000	0.0000	0.0064		20.000
React-ive[17]		220.0	-43.2	0.2660	0.815		0.0000	0.0000	0.0064		20.000
React-ive[18]		220.0	-43.2	0.2660	0.815		0.0000	0.0000	0.0064		20.000
React-ive[19]		220.0	-43.2	0.2660	0.815		0.0000	0.0000	0.0064		20.000
React-ive[20]		220.0	-43.2	0.2660	0.815		0.0000	0.0000	0.0064		20.000
============================================================================================================
2018-07-09 13:58:51 - Function time
Elapsed time: 0:00:27
Total time:   0:00:27
============================================================================================================

> Connect stages and introduce inter-stage flow
============================================================================================================
2018-07-09 13:59:01 - Function time
Elapsed time: 0:00:10
Total time:   0:00:37
============================================================================================================

> Working on PR ratio = 0.80
------------------------------------------------------------------------------------------------------------
stages			T	Q	r_FT	Conversion	V_out	L_out	L_Prod		P_VLE
React-ive[1]		220.0	-43.2	0.2660	0.779		0.1194	0.0012	0.0051		20.000
React-ive[2]		220.0	-43.2	0.2660	0.779		0.1194	0.0015	0.0061		20.000
React-ive[3]		220.0	-43.2	0.2660	0.779		0.1194	0.0015	0.0063		20.000
React-ive[4]		220.0	-43.2	0.2660	0.779		0.1194	0.0016	0.0064		20.000
React-ive[5]		220.0	-43.2	0.2660	0.779		0.1194	0.0016	0.0064		20.000
React-ive[6]		220.0	-43.2	0.2660	0.779		0.1194	0.0016	0.0064		20.000
React-ive[7]		220.0	-43.2	0.2660	0.779		0.1194	0.0016	0.0064		20.000
React-ive[8]		220.0	-43.2	0.2660	0.779		0.1194	0.0016	0.0064		20.000
React-ive[9]		220.0	-43.2	0.2660	0.779		0.1194	0.0016	0.0064		20.000
React-ive[10]		220.0	-43.2	0.2660	0.779		0.1194	0.0016	0.0064		20.000
React-ive[11]		220.0	-43.2	0.2660	0.779		0.1194	0.0016	0.0064		20.000
React-ive[12]		220.0	-43.2	0.2660	0.779		0.1194	0.0016	0.0064		20.000
React-ive[13]		220.0	-43.2	0.2660	0.779		0.1194	0.0016	0.0064		20.000
React-ive[14]		220.0	-43.2	0.2660	0.779		0.1194	0.0016	0.0064		20.000
React-ive[15]		220.0	-43.2	0.2660	0.779		0.1194	0.0016	0.0064		20.000
React-ive[16]		220.0	-43.2	0.2660	0.779		0.1193	0.0016	0.0064		20.000
React-ive[17]		220.0	-43.2	0.2660	0.779		0.1192	0.0016	0.0064		20.000
React-ive[18]		220.0	-43.2	0.2660	0.780		0.1184	0.0016	0.0064		20.000
React-ive[19]		220.0	-43.2	0.2660	0.786		0.1146	0.0016	0.0064		20.000
React-ive[20]		220.0	-43.2	0.2660	0.815		0.0955	0.0016	0.0064		20.000
============================================================================================================
2018-07-09 13:59:14 - Function time
Elapsed time: 0:00:13
Total time:   0:00:50
============================================================================================================

> Working on PR ratio = 0.60
------------------------------------------------------------------------------------------------------------
stages			T	Q	r_FT	Conversion	V_out	L_out	L_Prod		P_VLE
React-ive[1]		220.0	-43.2	0.2660	0.725		0.3184	0.0025	0.0038		20.000
React-ive[2]		220.0	-43.2	0.2660	0.725		0.3184	0.0036	0.0054		20.000
React-ive[3]		220.0	-43.2	0.2660	0.725		0.3184	0.0040	0.0060		20.000
React-ive[4]		220.0	-43.2	0.2660	0.725		0.3184	0.0041	0.0062		20.000
React-ive[5]		220.0	-43.2	0.2660	0.725		0.3184	0.0042	0.0063		20.000
React-ive[6]		220.0	-43.2	0.2660	0.725		0.3184	0.0042	0.0064		20.000
React-ive[7]		220.0	-43.2	0.2660	0.725		0.3184	0.0042	0.0064		20.000
React-ive[8]		220.0	-43.2	0.2660	0.725		0.3184	0.0042	0.0064		20.000
React-ive[9]		220.0	-43.2	0.2660	0.725		0.3184	0.0042	0.0064		20.000
React-ive[10]		220.0	-43.2	0.2660	0.725		0.3183	0.0042	0.0064		20.000
React-ive[11]		220.0	-43.2	0.2660	0.725		0.3183	0.0042	0.0064		20.000
React-ive[12]		220.0	-43.2	0.2660	0.725		0.3183	0.0042	0.0064		20.000
React-ive[13]		220.0	-43.2	0.2660	0.725		0.3182	0.0042	0.0064		20.000
React-ive[14]		220.0	-43.2	0.2660	0.726		0.3178	0.0042	0.0064		20.000
React-ive[15]		220.0	-43.2	0.2660	0.726		0.3171	0.0042	0.0064		20.000
React-ive[16]		220.0	-43.2	0.2660	0.727		0.3151	0.0042	0.0064		20.000
React-ive[17]		220.0	-43.2	0.2660	0.730		0.3102	0.0042	0.0064		20.000
React-ive[18]		220.0	-43.2	0.2660	0.738		0.2980	0.0042	0.0064		20.000
React-ive[19]		220.0	-43.2	0.2660	0.759		0.2674	0.0042	0.0064		20.000
React-ive[20]		220.0	-43.2	0.2660	0.815		0.1910	0.0042	0.0064		20.000
============================================================================================================
2018-07-09 13:59:25 - Function time
Elapsed time: 0:00:11
Total time:   0:01:01
============================================================================================================

> Working on PR ratio = 0.40
------------------------------------------------------------------------------------------------------------
stages			T	Q	r_FT	Conversion	V_out	L_out	L_Prod		P_VLE
React-ive[1]		220.0	-43.2	0.2660	0.638		0.7163	0.0038	0.0025		20.000
React-ive[2]		220.0	-43.2	0.2660	0.638		0.7163	0.0061	0.0041		20.000
React-ive[3]		220.0	-43.2	0.2660	0.638		0.7163	0.0075	0.0050		20.000
React-ive[4]		220.0	-43.2	0.2660	0.638		0.7163	0.0083	0.0055		20.000
React-ive[5]		220.0	-43.2	0.2660	0.638		0.7162	0.0088	0.0059		20.000
React-ive[6]		220.0	-43.2	0.2660	0.638		0.7160	0.0091	0.0061		20.000
React-ive[7]		220.0	-43.2	0.2660	0.638		0.7158	0.0093	0.0062		20.000
React-ive[8]		220.0	-43.2	0.2660	0.638		0.7154	0.0094	0.0063		20.000
React-ive[9]		220.0	-43.2	0.2660	0.638		0.7148	0.0095	0.0063		20.000
React-ive[10]		220.0	-43.2	0.2660	0.639		0.7138	0.0095	0.0063		20.000
React-ive[11]		220.0	-43.2	0.2660	0.639		0.7120	0.0096	0.0064		20.000
React-ive[12]		220.0	-43.2	0.2660	0.640		0.7092	0.0096	0.0064		20.000
React-ive[13]		220.0	-43.2	0.2660	0.642		0.7043	0.0096	0.0064		20.000
React-ive[14]		220.0	-43.2	0.2660	0.644		0.6963	0.0096	0.0064		20.000
React-ive[15]		220.0	-43.2	0.2660	0.649		0.6829	0.0096	0.0064		20.000
React-ive[16]		220.0	-43.2	0.2660	0.656		0.6607	0.0096	0.0064		20.000
React-ive[17]		220.0	-43.2	0.2660	0.669		0.6235	0.0096	0.0064		20.000
React-ive[18]		220.0	-43.2	0.2660	0.692		0.5616	0.0096	0.0064		20.000
React-ive[19]		220.0	-43.2	0.2660	0.733		0.4585	0.0096	0.0064		20.000
React-ive[20]		220.0	-43.2	0.2660	0.815		0.2865	0.0096	0.0064		20.000
============================================================================================================
2018-07-09 13:59:36 - Function time
Elapsed time: 0:00:11
Total time:   0:01:11
============================================================================================================

> Working on PR ratio = 0.20
------------------------------------------------------------------------------------------------------------
stages			T	Q	r_FT	Conversion	V_out	L_out	L_Prod		P_VLE
React-ive[1]		220.0	-43.2	0.2660	0.471		1.8884	0.0051	0.0012		20.000
React-ive[2]		220.0	-43.2	0.2660	0.472		1.8829	0.0092	0.0023		20.000
React-ive[3]		220.0	-43.2	0.2660	0.473		1.8760	0.0125	0.0031		20.000
React-ive[4]		220.0	-43.2	0.2660	0.474		1.8674	0.0151	0.0037		20.000
React-ive[5]		220.0	-43.2	0.2660	0.475		1.8566	0.0172	0.0043		20.000
React-ive[6]		220.0	-43.2	0.2660	0.477		1.8432	0.0189	0.0047		20.000
React-ive[7]		220.0	-43.2	0.2660	0.479		1.8264	0.0203	0.0050		20.000
React-ive[8]		220.0	-43.2	0.2660	0.482		1.8054	0.0213	0.0053		20.000
React-ive[9]		220.0	-43.2	0.2660	0.486		1.7791	0.0222	0.0055		20.000
React-ive[10]		220.0	-43.2	0.2660	0.491		1.7463	0.0229	0.0057		20.000
React-ive[11]		220.0	-43.2	0.2660	0.496		1.7053	0.0234	0.0058		20.000
React-ive[12]		220.0	-43.2	0.2660	0.504		1.6540	0.0239	0.0059		20.000
React-ive[13]		220.0	-43.2	0.2660	0.514		1.5899	0.0242	0.0060		20.000
React-ive[14]		220.0	-43.2	0.2660	0.527		1.5098	0.0245	0.0061		20.000
React-ive[15]		220.0	-43.2	0.2660	0.544		1.4096	0.0247	0.0062		20.000
React-ive[16]		220.0	-43.2	0.2660	0.567		1.2844	0.0249	0.0062		20.000
React-ive[17]		220.0	-43.2	0.2660	0.598		1.1279	0.0251	0.0062		20.000
React-ive[18]		220.0	-43.2	0.2660	0.643		0.9323	0.0252	0.0063		20.000
React-ive[19]		220.0	-43.2	0.2660	0.710		0.6877	0.0253	0.0063		20.000
React-ive[20]		220.0	-43.2	0.2660	0.815		0.3820	0.0254	0.0063		20.000
============================================================================================================
2018-07-09 13:59:47 - Function time
Elapsed time: 0:00:11
Total time:   0:01:23
============================================================================================================

> Working on PR ratio = 0.00
------------------------------------------------------------------------------------------------------------
stages			T	Q	r_FT	Conversion	V_out	L_out	L_Prod		P_VLE
React-ive[1]		220.0	-43.2	0.2660	0.180		9.5522	0.0064	0.0000		20.000
React-ive[2]		220.0	-43.2	0.2660	0.188		9.0746	0.0128	0.0000		20.000
React-ive[3]		220.0	-43.2	0.2660	0.197		8.5970	0.0192	0.0000		20.000
React-ive[4]		220.0	-43.2	0.2660	0.206		8.1194	0.0257	0.0000		20.000
React-ive[5]		220.0	-43.2	0.2660	0.216		7.6418	0.0321	0.0000		20.000
React-ive[6]		220.0	-43.2	0.2660	0.227		7.1641	0.0385	0.0000		20.000
React-ive[7]		220.0	-43.2	0.2660	0.239		6.6865	0.0449	0.0000		20.000
React-ive[8]		220.0	-43.2	0.2660	0.253		6.2089	0.0513	0.0000		20.000
React-ive[9]		220.0	-43.2	0.2660	0.268		5.7313	0.0578	0.0000		20.000
React-ive[10]		220.0	-43.2	0.2660	0.286		5.2537	0.0642	0.0000		20.000
React-ive[11]		220.0	-43.2	0.2660	0.306		4.7761	0.0706	0.0000		20.000
React-ive[12]		220.0	-43.2	0.2660	0.328		4.2985	0.0770	0.0000		20.000
React-ive[13]		220.0	-43.2	0.2660	0.355		3.8209	0.0835	0.0000		20.000
React-ive[14]		220.0	-43.2	0.2660	0.386		3.3432	0.0899	0.0000		20.000
React-ive[15]		220.0	-43.2	0.2660	0.423		2.8656	0.0963	0.0000		20.000
React-ive[16]		220.0	-43.2	0.2660	0.468		2.3880	0.1027	0.0000		20.000
React-ive[17]		220.0	-43.2	0.2660	0.523		1.9104	0.1092	0.0000		20.000
React-ive[18]		220.0	-43.2	0.2660	0.594		1.4328	0.1156	0.0000		20.000
React-ive[19]		220.0	-43.2	0.2660	0.687		0.9552	0.1220	0.0000		20.000
React-ive[20]		220.0	-43.2	0.2660	0.813		0.4776	0.1284	0.0000		20.000
============================================================================================================
2018-07-09 14:00:00 - Function time
Elapsed time: 0:00:13
Total time:   0:01:36
============================================================================================================

> Reactive distillation column assembled, ready to solve, DOF: 

------------------------------------------------------------------------------------------------------------
Active Equality Constraints:	 28997
Active Inequality Constraints:	 21
Active Variables:		 29462
Fixed Variables:		 382
DOF:				 83

> Initialization with no reflux and reboil complete
Here comes the result:
------------------------------------------------------------------------------------------------------------
stages			T	Q				V_out	L_out	L_Prod		W
Condenser		30.00	-269.				5.0967	0.0000	0.2764		4.1790

stages			T	Q	r_FT	Conversion	V_out	L_out	L_Prod		P_VLE
React-ive[1]		220.0	-43.2	0.2660	0.180		9.5522	0.0064	0.0000		20.000
React-ive[2]		220.0	-43.2	0.2660	0.188		9.0746	0.0128	0.0000		20.000
React-ive[3]		220.0	-43.2	0.2660	0.197		8.5970	0.0192	0.0000		20.000
React-ive[4]		220.0	-43.2	0.2660	0.206		8.1194	0.0257	0.0000		20.000
React-ive[5]		220.0	-43.2	0.2660	0.216		7.6418	0.0321	0.0000		20.000
React-ive[6]		220.0	-43.2	0.2660	0.227		7.1641	0.0385	0.0000		20.000
React-ive[7]		220.0	-43.2	0.2660	0.239		6.6865	0.0449	0.0000		20.000
React-ive[8]		220.0	-43.2	0.2660	0.253		6.2089	0.0513	0.0000		20.000
React-ive[9]		220.0	-43.2	0.2660	0.268		5.7313	0.0578	0.0000		20.000
React-ive[10]		220.0	-43.2	0.2660	0.286		5.2537	0.0642	0.0000		20.000
React-ive[11]		220.0	-43.2	0.2660	0.306		4.7761	0.0706	0.0000		20.000
React-ive[12]		220.0	-43.2	0.2660	0.328		4.2985	0.0770	0.0000		20.000
React-ive[13]		220.0	-43.2	0.2660	0.355		3.8209	0.0835	0.0000		20.000
React-ive[14]		220.0	-43.2	0.2660	0.386		3.3432	0.0899	0.0000		20.000
React-ive[15]		220.0	-43.2	0.2660	0.423		2.8656	0.0963	0.0000		20.000
React-ive[16]		220.0	-43.2	0.2660	0.468		2.3880	0.1027	0.0000		20.000
React-ive[17]		220.0	-43.2	0.2660	0.523		1.9104	0.1092	0.0000		20.000
React-ive[18]		220.0	-43.2	0.2660	0.594		1.4328	0.1156	0.0000		20.000
React-ive[19]		220.0	-43.2	0.2660	0.687		0.9552	0.1220	0.0000		20.000
React-ive[20]		220.0	-43.2	0.2660	0.813		0.4776	0.1284	0.0000		20.000

stages			T	Q				V_out	L_out			P_VLE
Reboiler		220.0	0.000				0.0000	0.1284			19.998
------------------------------------------------------------------------------------------------------------
============================================================================================================
2018-07-09 14:00:23 - Function time
Elapsed time: 0:00:23
Total time:   0:01:59
============================================================================================================

> Working on Reflux, PR ratio = 0.70
------------------------------------------------------------------------------------------------------------
Here comes the result:
------------------------------------------------------------------------------------------------------------
stages			T	Q				V_out	L_out	L_Prod		W
Condenser		30.00	-279.				5.1007	0.1170	0.2731		4.1777

stages			T	Q	r_FT	Conversion	V_out	L_out	L_Prod		P_VLE
React-ive[1]		220.0	-33.4	0.2649	0.180		9.6687	0.0150	0.0000		20.000
React-ive[2]		220.0	-43.1	0.2659	0.188		9.0804	0.0177	0.0000		20.000
React-ive[3]		220.0	-43.2	0.2660	0.196		8.5990	0.0233	0.0000		20.000
React-ive[4]		220.0	-43.2	0.2660	0.206		8.1205	0.0293	0.0000		20.000
React-ive[5]		220.0	-43.2	0.2660	0.216		7.6425	0.0356	0.0000		20.000
React-ive[6]		220.0	-43.2	0.2660	0.227		7.1647	0.0419	0.0000		20.000
React-ive[7]		220.0	-43.2	0.2660	0.239		6.6869	0.0482	0.0000		20.000
React-ive[8]		220.0	-43.2	0.2660	0.253		6.2092	0.0546	0.0000		20.000
React-ive[9]		220.0	-43.2	0.2660	0.268		5.7316	0.0609	0.0000		20.000
React-ive[10]		220.0	-43.2	0.2660	0.286		5.2539	0.0673	0.0000		20.000
React-ive[11]		220.0	-43.2	0.2660	0.306		4.7762	0.0737	0.0000		20.000
React-ive[12]		220.0	-43.2	0.2660	0.328		4.2986	0.0801	0.0000		20.000
React-ive[13]		220.0	-43.2	0.2660	0.355		3.8210	0.0865	0.0000		20.000
React-ive[14]		220.0	-43.2	0.2660	0.386		3.3433	0.0929	0.0000		20.000
React-ive[15]		220.0	-43.2	0.2660	0.423		2.8657	0.0993	0.0000		20.000
React-ive[16]		220.0	-43.2	0.2660	0.468		2.3881	0.1057	0.0000		20.000
React-ive[17]		220.0	-43.2	0.2660	0.523		1.9104	0.1122	0.0000		20.000
React-ive[18]		220.0	-43.2	0.2660	0.594		1.4328	0.1186	0.0000		20.000
React-ive[19]		220.0	-43.2	0.2660	0.687		0.9552	0.1250	0.0000		20.000
React-ive[20]		220.0	-43.2	0.2660	0.813		0.4776	0.1314	0.0000		20.000

stages			T	Q				V_out	L_out			P_VLE
Reboiler		220.0	0.000				0.0000	0.1314			19.998
------------------------------------------------------------------------------------------------------------
============================================================================================================
2018-07-09 14:00:53 - Function time
Elapsed time: 0:00:30
Total time:   0:02:29
============================================================================================================

> Working on Reflux, PR ratio = 0.50
------------------------------------------------------------------------------------------------------------
Here comes the result:
------------------------------------------------------------------------------------------------------------
stages			T	Q				V_out	L_out	L_Prod		W
Condenser		30.00	-291.				5.1065	0.2679	0.2679		4.1758

stages			T	Q	r_FT	Conversion	V_out	L_out	L_Prod		P_VLE
React-ive[1]		220.0	-21.6	0.2635	0.179		9.8182	0.0378	0.0000		20.000
React-ive[2]		220.0	-42.6	0.2658	0.188		9.0992	0.0292	0.0000		20.000
React-ive[3]		220.0	-43.0	0.2659	0.196		8.6062	0.0318	0.0000		20.000
React-ive[4]		220.0	-43.2	0.2660	0.206		8.1246	0.0366	0.0000		20.000
React-ive[5]		220.0	-43.2	0.2660	0.216		7.6452	0.0421	0.0000		20.000
React-ive[6]		220.0	-43.2	0.2660	0.227		7.1666	0.0479	0.0000		20.000
React-ive[7]		220.0	-43.2	0.2660	0.239		6.6884	0.0539	0.0000		20.000
React-ive[8]		220.0	-43.2	0.2660	0.253		6.2104	0.0601	0.0000		20.000
React-ive[9]		220.0	-43.2	0.2660	0.268		5.7325	0.0663	0.0000		20.000
React-ive[10]		220.0	-43.2	0.2660	0.286		5.2546	0.0725	0.0000		20.000
React-ive[11]		220.0	-43.2	0.2660	0.306		4.7768	0.0788	0.0000		20.000
React-ive[12]		220.0	-43.2	0.2660	0.328		4.2991	0.0851	0.0000		20.000
React-ive[13]		220.0	-43.2	0.2660	0.355		3.8214	0.0915	0.0000		20.000
React-ive[14]		220.0	-43.2	0.2660	0.386		3.3436	0.0978	0.0000		20.000
React-ive[15]		220.0	-43.2	0.2660	0.423		2.8659	0.1042	0.0000		20.000
React-ive[16]		220.0	-43.2	0.2660	0.468		2.3883	0.1105	0.0000		20.000
React-ive[17]		220.0	-43.2	0.2660	0.523		1.9106	0.1169	0.0000		20.000
React-ive[18]		220.0	-43.2	0.2660	0.594		1.4329	0.1233	0.0000		20.000
React-ive[19]		220.0	-43.2	0.2660	0.687		0.9553	0.1297	0.0000		20.000
React-ive[20]		220.0	-43.2	0.2660	0.813		0.4776	0.1361	0.0000		20.000

stages			T	Q				V_out	L_out			P_VLE
Reboiler		220.0	0.000				0.0000	0.1361			19.998
------------------------------------------------------------------------------------------------------------
============================================================================================================
2018-07-09 14:01:18 - Function time
Elapsed time: 0:00:25
Total time:   0:02:54
============================================================================================================

> Working on Reflux, PR ratio = 0.33
------------------------------------------------------------------------------------------------------------
Here comes the result:
------------------------------------------------------------------------------------------------------------
stages			T	Q				V_out	L_out	L_Prod		W
Condenser		30.00	-310.				5.1179	0.5160	0.2580		4.1718

stages			T	Q	r_FT	Conversion	V_out	L_out	L_Prod		P_VLE
React-ive[1]		220.0	-3.89	0.2614	0.177		10.063	0.1057	0.0000		20.000
React-ive[2]		220.0	-41.5	0.2653	0.187		9.1605	0.0663	0.0000		20.000
React-ive[3]		220.0	-42.6	0.2657	0.196		8.6357	0.0578	0.0000		20.000
React-ive[4]		220.0	-42.9	0.2658	0.205		8.1427	0.0569	0.0000		20.000
React-ive[5]		220.0	-43.0	0.2659	0.216		7.6574	0.0591	0.0000		20.000
React-ive[6]		220.0	-43.1	0.2659	0.227		7.1754	0.0629	0.0000		20.000
React-ive[7]		220.0	-43.1	0.2659	0.239		6.6949	0.0675	0.0000		20.000
React-ive[8]		220.0	-43.2	0.2660	0.253		6.2154	0.0726	0.0000		20.000
React-ive[9]		220.0	-43.2	0.2660	0.268		5.7364	0.0780	0.0000		20.000
React-ive[10]		220.0	-43.2	0.2660	0.286		5.2578	0.0837	0.0000		20.000
React-ive[11]		220.0	-43.2	0.2660	0.305		4.7793	0.0895	0.0000		20.000
React-ive[12]		220.0	-43.2	0.2660	0.328		4.3011	0.0955	0.0000		20.000
React-ive[13]		220.0	-43.2	0.2660	0.355		3.8230	0.1015	0.0000		20.000
React-ive[14]		220.0	-43.2	0.2660	0.386		3.3449	0.1076	0.0000		20.000
React-ive[15]		220.0	-43.2	0.2660	0.423		2.8670	0.1138	0.0000		20.000
React-ive[16]		220.0	-43.2	0.2660	0.468		2.3890	0.1199	0.0000		20.000
React-ive[17]		220.0	-43.2	0.2660	0.523		1.9112	0.1262	0.0000		20.000
React-ive[18]		220.0	-43.2	0.2660	0.594		1.4333	0.1324	0.0000		20.000
React-ive[19]		220.0	-43.2	0.2660	0.686		0.9555	0.1387	0.0000		20.000
React-ive[20]		220.0	-43.2	0.2660	0.813		0.4777	0.1449	0.0000		20.000

stages			T	Q				V_out	L_out			P_VLE
Reboiler		220.0	0.000				0.0000	0.1449			19.998
------------------------------------------------------------------------------------------------------------
============================================================================================================
2018-07-09 14:01:40 - Function time
Elapsed time: 0:00:22
Total time:   0:03:16
============================================================================================================

> Working on Reflux, PR ratio = 0.20
------------------------------------------------------------------------------------------------------------
Here comes the result:
------------------------------------------------------------------------------------------------------------
stages			T	Q				V_out	L_out	L_Prod		W
Condenser		30.00	-341.				5.1429	0.9604	0.2401		4.1627

stages			T	Q	r_FT	Conversion	V_out	L_out	L_Prod		P_VLE
React-ive[1]		220.0	24.64	0.2581	0.174		10.506	0.2839	0.0000		20.000
React-ive[2]		220.0	-39.6	0.2641	0.186		9.3303	0.1789	0.0000		20.000
React-ive[3]		220.0	-41.5	0.2651	0.195		8.7377	0.1420	0.0000		20.000
React-ive[4]		220.0	-42.1	0.2654	0.205		8.2150	0.1230	0.0000		20.000
React-ive[5]		220.0	-42.5	0.2656	0.215		7.7108	0.1123	0.0000		20.000
React-ive[6]		220.0	-42.7	0.2657	0.226		7.2152	0.1067	0.0000		20.000
React-ive[7]		220.0	-42.8	0.2657	0.239		6.7249	0.1046	0.0000		20.000
React-ive[8]		220.0	-42.9	0.2658	0.252		6.2383	0.1047	0.0000		20.000
React-ive[9]		220.0	-43.0	0.2658	0.268		5.7540	0.1065	0.0000		20.000
React-ive[10]		220.0	-43.1	0.2659	0.285		5.2715	0.1094	0.0000		20.000
React-ive[11]		220.0	-43.1	0.2659	0.305		4.7901	0.1131	0.0000		20.000
React-ive[12]		220.0	-43.1	0.2659	0.328		4.3096	0.1174	0.0000		20.000
React-ive[13]		220.0	-43.2	0.2659	0.354		3.8297	0.1221	0.0000		20.000
React-ive[14]		220.0	-43.2	0.2659	0.386		3.3502	0.1271	0.0000		20.000
React-ive[15]		220.0	-43.2	0.2659	0.423		2.8710	0.1324	0.0000		20.000
React-ive[16]		220.0	-43.2	0.2659	0.467		2.3921	0.1378	0.0000		20.000
React-ive[17]		220.0	-43.2	0.2660	0.523		1.9134	0.1434	0.0000		20.000
React-ive[18]		220.0	-43.2	0.2660	0.594		1.4349	0.1491	0.0000		20.000
React-ive[19]		220.0	-43.2	0.2660	0.686		0.9565	0.1549	0.0000		20.000
React-ive[20]		220.0	-43.2	0.2660	0.813		0.4782	0.1607	0.0000		20.000

stages			T	Q				V_out	L_out			P_VLE
Reboiler		220.0	0.000				0.0000	0.1607			19.998
------------------------------------------------------------------------------------------------------------
============================================================================================================
2018-07-09 14:02:17 - Function time
Elapsed time: 0:00:37
Total time:   0:03:53
============================================================================================================

> Working on Reflux, PR ratio = 0.14
------------------------------------------------------------------------------------------------------------
Here comes the result:
------------------------------------------------------------------------------------------------------------
stages			T	Q				V_out	L_out	L_Prod		W
Condenser		30.00	-368.				5.1686	1.3537	0.2256		4.1532

stages			T	Q	r_FT	Conversion	V_out	L_out	L_Prod		P_VLE
React-ive[1]		220.0	48.17	0.2556	0.171		10.901	0.4725	0.0000		20.000
React-ive[2]		220.0	-38.2	0.2630	0.185		9.5158	0.3074	0.0000		20.000
React-ive[3]		220.0	-40.7	0.2644	0.194		8.8608	0.2440	0.0000		20.000
React-ive[4]		220.0	-41.5	0.2649	0.204		8.3103	0.2073	0.0000		20.000
React-ive[5]		220.0	-41.9	0.2651	0.214		7.7873	0.1821	0.0000		20.000
React-ive[6]		220.0	-42.2	0.2653	0.226		7.2764	0.1642	0.0000		20.000
React-ive[7]		220.0	-42.4	0.2654	0.238		6.7732	0.1519	0.0000		20.000
React-ive[8]		220.0	-42.6	0.2656	0.252		6.2757	0.1440	0.0000		20.000
React-ive[9]		220.0	-42.7	0.2656	0.267		5.7829	0.1396	0.0000		20.000
React-ive[10]		220.0	-42.9	0.2657	0.285		5.2937	0.1377	0.0000		20.000
React-ive[11]		220.0	-42.9	0.2658	0.305		4.8073	0.1377	0.0000		20.000
React-ive[12]		220.0	-43.0	0.2658	0.328		4.3228	0.1392	0.0000		20.000
React-ive[13]		220.0	-43.1	0.2658	0.354		3.8399	0.1417	0.0000		20.000
React-ive[14]		220.0	-43.1	0.2659	0.385		3.3580	0.1450	0.0000		20.000
React-ive[15]		220.0	-43.1	0.2659	0.422		2.8770	0.1488	0.0000		20.000
React-ive[16]		220.0	-43.1	0.2659	0.467		2.3966	0.1531	0.0000		20.000
React-ive[17]		220.0	-43.2	0.2659	0.523		1.9167	0.1578	0.0000		20.000
React-ive[18]		220.0	-43.2	0.2659	0.593		1.4371	0.1627	0.0000		20.000
React-ive[19]		220.0	-43.2	0.2659	0.686		0.9578	0.1678	0.0000		20.000
React-ive[20]		220.0	-43.2	0.2659	0.813		0.4788	0.1731	0.0000		20.000

stages			T	Q				V_out	L_out			P_VLE
Reboiler		220.0	0.000				0.0000	0.1731			19.998
------------------------------------------------------------------------------------------------------------
============================================================================================================
2018-07-09 14:02:47 - Function time
Elapsed time: 0:00:30
Total time:   0:04:23
============================================================================================================

> Working on Reflux, PR ratio = 0.11
------------------------------------------------------------------------------------------------------------
Here comes the result:
------------------------------------------------------------------------------------------------------------
stages			T	Q				V_out	L_out	L_Prod		W
Condenser		30.00	-392.				5.1931	1.7109	0.2138		4.1442

stages			T	Q	r_FT	Conversion	V_out	L_out	L_Prod		P_VLE
React-ive[1]		220.0	68.75	0.2534	0.169		11.262	0.6577	0.0000		20.000
React-ive[2]		220.0	-37.0	0.2619	0.183		9.7005	0.4346	0.0000		20.000
React-ive[3]		220.0	-40.0	0.2637	0.193		8.9855	0.3443	0.0000		20.000
React-ive[4]		220.0	-41.0	0.2643	0.203		8.4067	0.2902	0.0000		20.000
React-ive[5]		220.0	-41.5	0.2647	0.213		7.8654	0.2517	0.0000		20.000
React-ive[6]		220.0	-41.8	0.2649	0.225		7.3403	0.2227	0.0000		20.000
React-ive[7]		220.0	-42.1	0.2651	0.237		6.8252	0.2008	0.0000		20.000
React-ive[8]		220.0	-42.3	0.2653	0.251		6.3176	0.1847	0.0000		20.000
React-ive[9]		220.0	-42.5	0.2654	0.267		5.8161	0.1735	0.0000		20.000
React-ive[10]		220.0	-42.6	0.2655	0.284		5.3197	0.1662	0.0000		20.000
React-ive[11]		220.0	-42.8	0.2656	0.304		4.8274	0.1619	0.0000		20.000
React-ive[12]		220.0	-42.9	0.2657	0.327		4.3384	0.1600	0.0000		20.000
React-ive[13]		220.0	-42.9	0.2657	0.354		3.8518	0.1598	0.0000		20.000
React-ive[14]		220.0	-43.0	0.2658	0.385		3.3671	0.1610	0.0000		20.000
React-ive[15]		220.0	-43.0	0.2658	0.422		2.8838	0.1633	0.0000		20.000
React-ive[16]		220.0	-43.1	0.2658	0.467		2.4016	0.1662	0.0000		20.000
React-ive[17]		220.0	-43.1	0.2659	0.522		1.9203	0.1698	0.0000		20.000
React-ive[18]		220.0	-43.1	0.2659	0.593		1.4396	0.1739	0.0000		20.000
React-ive[19]		220.0	-43.1	0.2659	0.686		0.9593	0.1783	0.0000		20.000
React-ive[20]		220.0	-43.2	0.2659	0.812		0.4795	0.1830	0.0000		20.000

stages			T	Q				V_out	L_out			P_VLE
Reboiler		220.0	0.000				0.0000	0.1830			19.998
------------------------------------------------------------------------------------------------------------
============================================================================================================
2018-07-09 14:03:11 - Function time
Elapsed time: 0:00:24
Total time:   0:04:47
============================================================================================================

> Working on Reflux, PR ratio = 0.09
------------------------------------------------------------------------------------------------------------
Here comes the result:
------------------------------------------------------------------------------------------------------------
stages			T	Q				V_out	L_out	L_Prod		W
Condenser		30.00	-413.				5.2175	2.0369	0.2037		4.1351

stages			T	Q	r_FT	Conversion	V_out	L_out	L_Prod		P_VLE
React-ive[1]		220.0	87.13	0.2516	0.167		11.593	0.8316	0.0000		20.000
React-ive[2]		220.0	-36.0	0.2610	0.182		9.8759	0.5569	0.0000		20.000
React-ive[3]		220.0	-39.4	0.2632	0.192		9.1075	0.4447	0.0000		20.000
React-ive[4]		220.0	-40.7	0.2639	0.202		8.5058	0.3786	0.0000		20.000
React-ive[5]		220.0	-41.2	0.2643	0.212		7.9516	0.3309	0.0000		20.000
React-ive[6]		220.0	-41.5	0.2645	0.224		7.4165	0.2928	0.0000		20.000
React-ive[7]		220.0	-41.7	0.2647	0.236		6.8915	0.2614	0.0000		20.000
React-ive[8]		220.0	-41.9	0.2649	0.250		6.3736	0.2357	0.0000		20.000
React-ive[9]		220.0	-42.1	0.2651	0.266		5.8618	0.2154	0.0000		20.000
React-ive[10]		220.0	-42.3	0.2653	0.284		5.3558	0.2003	0.0000		20.000
React-ive[11]		220.0	-42.5	0.2654	0.304		4.8552	0.1897	0.0000		20.000
React-ive[12]		220.0	-42.7	0.2655	0.327		4.3594	0.1828	0.0000		20.000
React-ive[13]		220.0	-42.8	0.2656	0.353		3.8675	0.1789	0.0000		20.000
React-ive[14]		220.0	-42.9	0.2657	0.384		3.3787	0.1772	0.0000		20.000
React-ive[15]		220.0	-43.0	0.2657	0.422		2.8924	0.1772	0.0000		20.000
React-ive[16]		220.0	-43.0	0.2658	0.467		2.4078	0.1785	0.0000		20.000
React-ive[17]		220.0	-43.0	0.2658	0.522		1.9246	0.1807	0.0000		20.000
React-ive[18]		220.0	-43.1	0.2658	0.593		1.4424	0.1837	0.0000		20.000
React-ive[19]		220.0	-43.1	0.2658	0.685		0.9610	0.1873	0.0000		20.000
React-ive[20]		220.0	-43.1	0.2659	0.812		0.4802	0.1913	0.0000		20.000

stages			T	Q				V_out	L_out			P_VLE
Reboiler		220.0	0.000				0.0000	0.1913			19.998
------------------------------------------------------------------------------------------------------------
============================================================================================================
2018-07-09 14:03:37 - Function time
Elapsed time: 0:00:25
Total time:   0:05:12
============================================================================================================

> Working on Reflux, PR ratio = 0.08
------------------------------------------------------------------------------------------------------------
Here comes the result:
------------------------------------------------------------------------------------------------------------
stages			T	Q				V_out	L_out	L_Prod		W
Condenser		30.00	-433.				5.2392	2.3454	0.1954		4.1272

stages			T	Q	r_FT	Conversion	V_out	L_out	L_Prod		P_VLE
React-ive[1]		220.0	104.1	0.2499	0.165		11.907	1.0079	0.0000		20.000
React-ive[2]		220.0	-34.9	0.2600	0.181		10.054	0.6802	0.0000		20.000
React-ive[3]		220.0	-38.7	0.2625	0.191		9.2311	0.5390	0.0000		20.000
React-ive[4]		220.0	-40.1	0.2634	0.201		8.5990	0.4533	0.0000		20.000
React-ive[5]		220.0	-40.8	0.2639	0.212		8.0242	0.3912	0.0000		20.000
React-ive[6]		220.0	-41.2	0.2642	0.223		7.4741	0.3426	0.0000		20.000
React-ive[7]		220.0	-41.5	0.2645	0.236		6.9379	0.3032	0.0000		20.000
React-ive[8]		220.0	-41.7	0.2647	0.250		6.4116	0.2712	0.0000		20.000
React-ive[9]		220.0	-42.0	0.2649	0.266		5.8930	0.2457	0.0000		20.000
React-ive[10]		220.0	-42.2	0.2651	0.283		5.3813	0.2259	0.0000		20.000
React-ive[11]		220.0	-42.4	0.2652	0.303		4.8758	0.2113	0.0000		20.000
React-ive[12]		220.0	-42.5	0.2654	0.326		4.3756	0.2010	0.0000		20.000
React-ive[13]		220.0	-42.7	0.2655	0.353		3.8801	0.1943	0.0000		20.000
React-ive[14]		220.0	-42.8	0.2656	0.384		3.3883	0.1903	0.0000		20.000
React-ive[15]		220.0	-42.9	0.2656	0.421		2.8995	0.1885	0.0000		20.000
React-ive[16]		220.0	-42.9	0.2657	0.466		2.4130	0.1884	0.0000		20.000
React-ive[17]		220.0	-43.0	0.2657	0.522		1.9283	0.1896	0.0000		20.000
React-ive[18]		220.0	-43.0	0.2658	0.592		1.4448	0.1916	0.0000		20.000
React-ive[19]		220.0	-43.1	0.2658	0.685		0.9625	0.1945	0.0000		20.000
React-ive[20]		220.0	-43.1	0.2658	0.812		0.4809	0.1979	0.0000		20.000

stages			T	Q				V_out	L_out			P_VLE
Reboiler		220.0	0.000				0.0000	0.1979			19.998
------------------------------------------------------------------------------------------------------------
============================================================================================================
2018-07-09 14:04:00 - Function time
Elapsed time: 0:00:23
Total time:   0:05:36
============================================================================================================

> Working on Reflux, PR ratio = 0.07
------------------------------------------------------------------------------------------------------------
Here comes the result:
------------------------------------------------------------------------------------------------------------
stages			T	Q				V_out	L_out	L_Prod		W
Condenser		30.00	-451.				5.2646	2.6328	0.1880		4.1175

stages			T	Q	r_FT	Conversion	V_out	L_out	L_Prod		P_VLE
React-ive[1]		220.0	119.4	0.2485	0.164		12.203	1.1834	0.0000		20.000
React-ive[2]		220.0	-34.4	0.2592	0.179		10.235	0.8179	0.0000		20.000
React-ive[3]		220.0	-38.3	0.2619	0.190		9.3729	0.6604	0.0000		20.000
React-ive[4]		220.0	-39.8	0.2629	0.200		8.7235	0.5646	0.0000		20.000
React-ive[5]		220.0	-40.5	0.2634	0.211		8.1377	0.4927	0.0000		20.000
React-ive[6]		220.0	-40.8	0.2637	0.222		7.5766	0.4323	0.0000		20.000
React-ive[7]		220.0	-41.0	0.2640	0.235		7.0277	0.3794	0.0000		20.000
React-ive[8]		220.0	-41.3	0.2642	0.249		6.4869	0.3334	0.0000		20.000
React-ive[9]		220.0	-41.5	0.2645	0.265		5.9534	0.2947	0.0000		20.000
React-ive[10]		220.0	-41.8	0.2647	0.282		5.4277	0.2638	0.0000		20.000
React-ive[11]		220.0	-42.1	0.2649	0.303		4.9102	0.2402	0.0000		20.000
React-ive[12]		220.0	-42.3	0.2651	0.326		4.4006	0.2233	0.0000		20.000
React-ive[13]		220.0	-42.5	0.2653	0.352		3.8980	0.2117	0.0000		20.000
React-ive[14]		220.0	-42.7	0.2654	0.384		3.4010	0.2042	0.0000		20.000
React-ive[15]		220.0	-42.8	0.2655	0.421		2.9085	0.1999	0.0000		20.000
React-ive[16]		220.0	-42.9	0.2656	0.466		2.4192	0.1980	0.0000		20.000
React-ive[17]		220.0	-42.9	0.2657	0.522		1.9325	0.1977	0.0000		20.000
React-ive[18]		220.0	-43.0	0.2657	0.592		1.4476	0.1988	0.0000		20.000
React-ive[19]		220.0	-43.0	0.2658	0.685		0.9641	0.2008	0.0000		20.000
React-ive[20]		220.0	-43.1	0.2658	0.812		0.4816	0.2036	0.0000		20.000

stages			T	Q				V_out	L_out			P_VLE
Reboiler		220.0	0.000				0.0000	0.2036			19.998
------------------------------------------------------------------------------------------------------------
============================================================================================================
2018-07-09 14:04:24 - Function time
Elapsed time: 0:00:24
Total time:   0:06:00
============================================================================================================

> Working on Reflux, PR ratio = 0.06
------------------------------------------------------------------------------------------------------------
Here comes the result:
------------------------------------------------------------------------------------------------------------
stages			T	Q				V_out	L_out	L_Prod		W
Condenser		30.00	-468.				5.2837	2.8983	0.1811		4.1104

stages			T	Q	r_FT	Conversion	V_out	L_out	L_Prod		P_VLE
React-ive[1]		220.0	134.0	0.2471	0.162		12.473	1.3253	0.0000		20.000
React-ive[2]		220.0	-33.4	0.2584	0.178		10.380	0.9108	0.0000		20.000
React-ive[3]		220.0	-37.7	0.2615	0.189		9.4666	0.7295	0.0000		20.000
React-ive[4]		220.0	-39.5	0.2626	0.199		8.7925	0.6220	0.0000		20.000
React-ive[5]		220.0	-40.3	0.2632	0.210		8.1945	0.5447	0.0000		20.000
React-ive[6]		220.0	-40.7	0.2635	0.221		7.6276	0.4820	0.0000		20.000
React-ive[7]		220.0	-41.0	0.2638	0.234		7.0761	0.4275	0.0000		20.000
React-ive[8]		220.0	-41.2	0.2640	0.248		6.5333	0.3789	0.0000		20.000
React-ive[9]		220.0	-41.4	0.2642	0.264		5.9968	0.3359	0.0000		20.000
React-ive[10]		220.0	-41.6	0.2645	0.282		5.4663	0.2992	0.0000		20.000
React-ive[11]		220.0	-41.8	0.2647	0.302		4.9427	0.2695	0.0000		20.000
React-ive[12]		220.0	-42.1	0.2649	0.325		4.4264	0.2468	0.0000		20.000
React-ive[13]		220.0	-42.3	0.2651	0.352		3.9175	0.2303	0.0000		20.000
React-ive[14]		220.0	-42.5	0.2653	0.383		3.4153	0.2191	0.0000		20.000
React-ive[15]		220.0	-42.7	0.2654	0.420		2.9187	0.2119	0.0000		20.000
React-ive[16]		220.0	-42.8	0.2655	0.465		2.4264	0.2078	0.0000		20.000
React-ive[17]		220.0	-42.9	0.2656	0.521		1.9373	0.2059	0.0000		20.000
React-ive[18]		220.0	-43.0	0.2657	0.592		1.4507	0.2058	0.0000		20.000
React-ive[19]		220.0	-43.0	0.2657	0.685		0.9658	0.2069	0.0000		20.000
React-ive[20]		220.0	-43.0	0.2658	0.812		0.4824	0.2090	0.0000		20.000

stages			T	Q				V_out	L_out			P_VLE
Reboiler		220.0	0.000				0.0000	0.2090			19.998
------------------------------------------------------------------------------------------------------------
============================================================================================================
2018-07-09 14:04:48 - Function time
Elapsed time: 0:00:24
Total time:   0:06:24
============================================================================================================

> Working on Reflux, PR ratio = 0.05
------------------------------------------------------------------------------------------------------------
Here comes the result:
------------------------------------------------------------------------------------------------------------
stages			T	Q				V_out	L_out	L_Prod		W
Condenser		30.00	-484.				5.3011	3.1571	0.1754		4.1042

stages			T	Q	r_FT	Conversion	V_out	L_out	L_Prod		P_VLE
React-ive[1]		220.0	147.9	0.2457	0.161		12.737	1.4763	0.0000		20.000
React-ive[2]		220.0	-32.6	0.2575	0.177		10.533	1.0136	0.0000		20.000
React-ive[3]		220.0	-37.0	0.2609	0.188		9.5706	0.8031	0.0000		20.000
React-ive[4]		220.0	-39.0	0.2622	0.199		8.8661	0.6764	0.0000		20.000
React-ive[5]		220.0	-40.0	0.2629	0.209		8.2480	0.5866	0.0000		20.000
React-ive[6]		220.0	-40.5	0.2633	0.221		7.6681	0.5161	0.0000		20.000
React-ive[7]		220.0	-40.9	0.2636	0.234		7.1083	0.4570	0.0000		20.000
React-ive[8]		220.0	-41.1	0.2639	0.248		6.5606	0.4056	0.0000		20.000
React-ive[9]		220.0	-41.3	0.2641	0.263		6.0211	0.3605	0.0000		20.000
React-ive[10]		220.0	-41.5	0.2643	0.281		5.4883	0.3215	0.0000		20.000
React-ive[11]		220.0	-41.7	0.2646	0.301		4.9620	0.2890	0.0000		20.000
React-ive[12]		220.0	-42.0	0.2648	0.325		4.4428	0.2634	0.0000		20.000
React-ive[13]		220.0	-42.2	0.2650	0.351		3.9308	0.2441	0.0000		20.000
React-ive[14]		220.0	-42.4	0.2652	0.383		3.4256	0.2305	0.0000		20.000
React-ive[15]		220.0	-42.6	0.2653	0.420		2.9263	0.2213	0.0000		20.000
React-ive[16]		220.0	-42.7	0.2655	0.465		2.4319	0.2156	0.0000		20.000
React-ive[17]		220.0	-42.8	0.2655	0.521		1.9411	0.2126	0.0000		20.000
React-ive[18]		220.0	-42.9	0.2656	0.592		1.4531	0.2115	0.0000		20.000
React-ive[19]		220.0	-43.0	0.2657	0.684		0.9673	0.2119	0.0000		20.000
React-ive[20]		220.0	-43.0	0.2657	0.811		0.4830	0.2134	0.0000		20.000

stages			T	Q				V_out	L_out			P_VLE
Reboiler		220.0	0.000				0.0000	0.2134			19.998
------------------------------------------------------------------------------------------------------------
============================================================================================================
2018-07-09 14:05:13 - Function time
Elapsed time: 0:00:25
Total time:   0:06:49
============================================================================================================

> Working on Reflux, PR ratio = 0.05
------------------------------------------------------------------------------------------------------------
Here comes the result:
------------------------------------------------------------------------------------------------------------
stages			T	Q				V_out	L_out	L_Prod		W
Condenser		30.00	-492.				5.3102	3.2845	0.1728		4.1009

stages			T	Q	r_FT	Conversion	V_out	L_out	L_Prod		P_VLE
React-ive[1]		220.0	154.5	0.2451	0.160		12.868	1.5582	0.0000		20.000
React-ive[2]		220.0	-32.2	0.2571	0.177		10.617	1.0748	0.0000		20.000
React-ive[3]		220.0	-36.7	0.2605	0.188		9.6332	0.8501	0.0000		20.000
React-ive[4]		220.0	-38.7	0.2619	0.198		8.9137	0.7120	0.0000		20.000
React-ive[5]		220.0	-39.7	0.2627	0.209		8.2837	0.6133	0.0000		20.000
React-ive[6]		220.0	-40.3	0.2632	0.221		7.6945	0.5362	0.0000		20.000
React-ive[7]		220.0	-40.7	0.2635	0.233		7.1279	0.4727	0.0000		20.000
React-ive[8]		220.0	-41.0	0.2638	0.247		6.5755	0.4184	0.0000		20.000
React-ive[9]		220.0	-41.2	0.2640	0.263		6.0328	0.3712	0.0000		20.000
React-ive[10]		220.0	-41.5	0.2643	0.281		5.4979	0.3308	0.0000		20.000
React-ive[11]		220.0	-41.7	0.2645	0.301		4.9701	0.2971	0.0000		20.000
React-ive[12]		220.0	-41.9	0.2648	0.324		4.4495	0.2702	0.0000		20.000
React-ive[13]		220.0	-42.2	0.2650	0.351		3.9362	0.2499	0.0000		20.000
React-ive[14]		220.0	-42.4	0.2652	0.383		3.4298	0.2353	0.0000		20.000
React-ive[15]		220.0	-42.6	0.2653	0.420		2.9295	0.2253	0.0000		20.000
React-ive[16]		220.0	-42.7	0.2654	0.465		2.4341	0.2190	0.0000		20.000
React-ive[17]		220.0	-42.8	0.2655	0.521		1.9427	0.2154	0.0000		20.000
React-ive[18]		220.0	-42.9	0.2656	0.592		1.4542	0.2139	0.0000		20.000
React-ive[19]		220.0	-43.0	0.2657	0.684		0.9679	0.2140	0.0000		20.000
React-ive[20]		220.0	-43.0	0.2657	0.811		0.4833	0.2153	0.0000		20.000

stages			T	Q				V_out	L_out			P_VLE
Reboiler		220.0	0.000				0.0000	0.2153			19.998
------------------------------------------------------------------------------------------------------------
============================================================================================================
2018-07-09 14:05:41 - Function time
Elapsed time: 0:00:28
Total time:   0:07:17
============================================================================================================

> Working on reboiler temperature = 623.15
------------------------------------------------------------------------------------------------------------
Here comes the result:
------------------------------------------------------------------------------------------------------------
stages			T	Q				V_out	L_out	L_Prod		W
Condenser		30.00	-493.				5.3184	3.2925	0.1732		4.1078

stages			T	Q	r_FT	Conversion	V_out	L_out	L_Prod		P_VLE
React-ive[1]		220.0	155.0	0.2451	0.160		12.892	1.5616	0.0000		20.000
React-ive[2]		220.0	-32.2	0.2571	0.176		10.636	1.0772	0.0000		20.000
React-ive[3]		220.0	-36.7	0.2605	0.188		9.6509	0.8520	0.0000		20.000
React-ive[4]		220.0	-38.7	0.2619	0.198		8.9310	0.7138	0.0000		20.000
React-ive[5]		220.0	-39.7	0.2627	0.209		8.3008	0.6149	0.0000		20.000
React-ive[6]		220.0	-40.3	0.2631	0.220		7.7114	0.5377	0.0000		20.000
React-ive[7]		220.0	-40.7	0.2635	0.233		7.1447	0.4741	0.0000		20.000
React-ive[8]		220.0	-41.0	0.2638	0.247		6.5922	0.4197	0.0000		20.000
React-ive[9]		220.0	-41.2	0.2640	0.263		6.0495	0.3725	0.0000		20.000
React-ive[10]		220.0	-41.5	0.2643	0.280		5.5144	0.3320	0.0000		20.000
React-ive[11]		220.0	-41.7	0.2645	0.301		4.9865	0.2981	0.0000		20.000
React-ive[12]		220.0	-41.9	0.2647	0.324		4.4657	0.2712	0.0000		20.000
React-ive[13]		220.0	-42.2	0.2649	0.350		3.9523	0.2507	0.0000		20.000
React-ive[14]		220.0	-42.4	0.2651	0.382		3.4457	0.2359	0.0000		20.000
React-ive[15]		220.0	-42.6	0.2653	0.419		2.9452	0.2259	0.0000		20.000
React-ive[16]		220.0	-42.7	0.2654	0.464		2.4497	0.2195	0.0000		20.000
React-ive[17]		220.0	-42.8	0.2655	0.519		1.9581	0.2159	0.0000		20.000
React-ive[18]		220.0	-42.9	0.2655	0.590		1.4694	0.2144	0.0000		20.000
React-ive[19]		220.0	-42.9	0.2655	0.682		0.9830	0.2146	0.0000		20.000
React-ive[20]		220.0	-43.4	0.2651	0.808		0.4981	0.2191	0.0000		20.000

stages			T	Q				V_out	L_out			P_VLE
Reboiler		350.0	20.05				0.0169	0.2022			20.000
------------------------------------------------------------------------------------------------------------
============================================================================================================
2018-07-09 14:06:03 - Function time
Elapsed time: 0:00:22
Total time:   0:07:39
============================================================================================================

> Working on side draw of 4.0% on stage 4
------------------------------------------------------------------------------------------------------------
Here comes the result:
------------------------------------------------------------------------------------------------------------
stages			T	Q				V_out	L_out	L_Prod		W
Condenser		30.00	-489.				5.2931	3.2360	0.1703		4.1176

stages			T	Q	r_FT	Conversion	V_out	L_out	L_Prod		P_VLE
React-ive[1]		220.0	153.6	0.2446	0.160		12.817	1.4413	0.0000		20.000
React-ive[2]		220.0	-31.6	0.2572	0.178		10.496	0.9417	0.0000		20.000
React-ive[3]		220.0	-36.6	0.2608	0.189		9.4961	0.7164	0.0000		20.000
React-ive[4]		220.0	-38.7	0.2623	0.199		8.7768	0.5582	0.0232		20.000
React-ive[5]		220.0	-39.8	0.2631	0.210		8.1507	0.4650	0.0000		20.000
React-ive[6]		220.0	-40.5	0.2636	0.222		7.5678	0.3942	0.0000		20.000
React-ive[7]		220.0	-40.9	0.2640	0.235		7.0084	0.3381	0.0000		20.000
React-ive[8]		220.0	-41.3	0.2644	0.249		6.4645	0.2937	0.0000		20.000
React-ive[9]		220.0	-41.7	0.2647	0.265		5.9329	0.2592	0.0000		20.000
React-ive[10]		220.0	-42.0	0.2649	0.282		5.4118	0.2334	0.0000		20.000
React-ive[11]		220.0	-42.2	0.2651	0.303		4.8998	0.2149	0.0000		20.000
React-ive[12]		220.0	-42.4	0.2653	0.325		4.3956	0.2021	0.0000		20.000
React-ive[13]		220.0	-42.6	0.2654	0.352		3.8974	0.1939	0.0000		20.000
React-ive[14]		220.0	-42.8	0.2655	0.383		3.4041	0.1891	0.0000		20.000
React-ive[15]		220.0	-42.9	0.2656	0.420		2.9143	0.1868	0.0000		20.000
React-ive[16]		220.0	-42.9	0.2656	0.465		2.4272	0.1864	0.0000		20.000
React-ive[17]		220.0	-43.0	0.2657	0.520		1.9421	0.1874	0.0000		20.000
React-ive[18]		220.0	-43.0	0.2657	0.591		1.4584	0.1894	0.0000		20.000
React-ive[19]		220.0	-43.1	0.2656	0.683		0.9758	0.1923	0.0000		20.000
React-ive[20]		220.0	-43.4	0.2653	0.809		0.4940	0.1982	0.0000		20.000

stages			T	Q				V_out	L_out			P_VLE
Reboiler		350.0	18.51				0.0145	0.1837			20.000
------------------------------------------------------------------------------------------------------------
============================================================================================================
2018-07-09 14:06:26 - Function time
Elapsed time: 0:00:23
Total time:   0:08:02
============================================================================================================

> Working on side draw of 20.0% on stage 8
------------------------------------------------------------------------------------------------------------
Here comes the result:
------------------------------------------------------------------------------------------------------------
stages			T	Q				V_out	L_out	L_Prod		W
Condenser		30.00	-489.				5.2801	3.2393	0.1704		4.1214

stages			T	Q	r_FT	Conversion	V_out	L_out	L_Prod		P_VLE
React-ive[1]		220.0	154.0	0.2443	0.161		12.811	1.4333	0.0000		20.000
React-ive[2]		220.0	-31.2	0.2569	0.178		10.479	0.9202	0.0000		20.000
React-ive[3]		220.0	-36.1	0.2606	0.189		9.4645	0.6807	0.0000		20.000
React-ive[4]		220.0	-38.3	0.2622	0.200		8.7305	0.5112	0.0213		20.000
React-ive[5]		220.0	-39.5	0.2631	0.211		8.0909	0.4075	0.0000		20.000
React-ive[6]		220.0	-40.2	0.2637	0.223		7.4975	0.3291	0.0000		20.000
React-ive[7]		220.0	-40.7	0.2642	0.236		6.9307	0.2684	0.0000		20.000
React-ive[8]		220.0	-41.2	0.2646	0.250		6.3824	0.1766	0.0441		20.000
React-ive[9]		220.0	-41.9	0.2651	0.266		5.8482	0.1485	0.0000		20.000
React-ive[10]		220.0	-42.4	0.2654	0.284		5.3343	0.1335	0.0000		20.000
React-ive[11]		220.0	-42.7	0.2656	0.304		4.8340	0.1264	0.0000		20.000
React-ive[12]		220.0	-42.9	0.2657	0.327		4.3421	0.1240	0.0000		20.000
React-ive[13]		220.0	-43.0	0.2658	0.353		3.8550	0.1243	0.0000		20.000
React-ive[14]		220.0	-43.0	0.2658	0.385		3.3709	0.1264	0.0000		20.000
React-ive[15]		220.0	-43.1	0.2658	0.422		2.8886	0.1296	0.0000		20.000
React-ive[16]		220.0	-43.1	0.2659	0.466		2.4075	0.1336	0.0000		20.000
React-ive[17]		220.0	-43.1	0.2659	0.522		1.9271	0.1381	0.0000		20.000
React-ive[18]		220.0	-43.2	0.2659	0.592		1.4473	0.1429	0.0000		20.000
React-ive[19]		220.0	-43.2	0.2658	0.684		0.9678	0.1481	0.0000		20.000
React-ive[20]		220.0	-43.4	0.2655	0.811		0.4886	0.1550	0.0000		20.000

stages			T	Q				V_out	L_out			P_VLE
Reboiler		350.0	15.01				0.0106	0.1444			20.000
------------------------------------------------------------------------------------------------------------
============================================================================================================
2018-07-09 14:06:50 - Function time
Elapsed time: 0:00:24
Total time:   0:08:26
============================================================================================================

> Working on side draw of 30.0% on stage 10
------------------------------------------------------------------------------------------------------------
Here comes the result:
------------------------------------------------------------------------------------------------------------
stages			T	Q				V_out	L_out	L_Prod		W
Condenser		30.00	-489.				5.2770	3.2390	0.1704		4.1213

stages			T	Q	r_FT	Conversion	V_out	L_out	L_Prod		P_VLE
React-ive[1]		220.0	153.9	0.2443	0.161		12.807	1.4340	0.0000		20.000
React-ive[2]		220.0	-31.2	0.2569	0.178		10.476	0.9210	0.0000		20.000
React-ive[3]		220.0	-36.1	0.2606	0.189		9.4620	0.6811	0.0000		20.000
React-ive[4]		220.0	-38.2	0.2621	0.200		8.7275	0.5103	0.0212		20.000
React-ive[5]		220.0	-39.4	0.2630	0.211		8.0864	0.4043	0.0000		20.000
React-ive[6]		220.0	-40.1	0.2636	0.223		7.4906	0.3230	0.0000		20.000
React-ive[7]		220.0	-40.6	0.2642	0.236		6.9207	0.2590	0.0000		20.000
React-ive[8]		220.0	-41.1	0.2646	0.251		6.3691	0.1668	0.0417		20.000
React-ive[9]		220.0	-41.8	0.2651	0.267		5.8320	0.1370	0.0000		20.000
React-ive[10]		220.0	-42.3	0.2654	0.284		5.3164	0.0840	0.0360		20.000
React-ive[11]		220.0	-42.7	0.2657	0.305		4.8143	0.0791	0.0000		20.000
React-ive[12]		220.0	-43.0	0.2658	0.328		4.3248	0.0795	0.0000		20.000
React-ive[13]		220.0	-43.1	0.2659	0.354		3.8408	0.0824	0.0000		20.000
React-ive[14]		220.0	-43.1	0.2659	0.385		3.3594	0.0866	0.0000		20.000
React-ive[15]		220.0	-43.2	0.2659	0.422		2.8794	0.0914	0.0000		20.000
React-ive[16]		220.0	-43.2	0.2659	0.467		2.4000	0.0967	0.0000		20.000
React-ive[17]		220.0	-43.2	0.2659	0.522		1.9211	0.1022	0.0000		20.000
React-ive[18]		220.0	-43.2	0.2659	0.593		1.4425	0.1080	0.0000		20.000
React-ive[19]		220.0	-43.2	0.2659	0.685		0.9640	0.1139	0.0000		20.000
React-ive[20]		220.0	-43.3	0.2657	0.812		0.4857	0.1209	0.0000		20.000

stages			T	Q				V_out	L_out			P_VLE
Reboiler		350.0	11.97				0.0080	0.1129			20.000
------------------------------------------------------------------------------------------------------------
============================================================================================================
2018-07-09 14:07:13 - Function time
Elapsed time: 0:00:23
Total time:   0:08:49
============================================================================================================

> Working to remove catalyst and feed from stage 1:
------------------------------------------------------------------------------------------------------------
Here comes the result:
------------------------------------------------------------------------------------------------------------
stages			T	Q				V_out	L_out	L_Prod		W
Condenser		30.00	-467.				4.9585	3.1013	0.1632		3.9310

stages			T	Q	r_FT	Conversion	V_out	L_out	L_Prod		P_VLE
NON-react[1]		220.0	183.2	0.0000	0.000		12.154	1.4380	0.0000		20.000
React-ive[2]		220.0	-31.0	0.2567	0.178		10.490	0.9179	0.0000		20.000
React-ive[3]		220.0	-36.0	0.2605	0.189		9.4688	0.6756	0.0000		20.000
React-ive[4]		220.0	-38.2	0.2621	0.200		8.7318	0.5037	0.0209		20.000
React-ive[5]		220.0	-39.3	0.2630	0.211		8.0892	0.3965	0.0000		20.000
React-ive[6]		220.0	-40.0	0.2636	0.223		7.4922	0.3139	0.0000		20.000
React-ive[7]		220.0	-40.6	0.2641	0.236		6.9210	0.2486	0.0000		20.000
React-ive[8]		220.0	-41.0	0.2646	0.251		6.3680	0.1577	0.0394		20.000
React-ive[9]		220.0	-41.8	0.2651	0.267		5.8298	0.1275	0.0000		20.000
React-ive[10]		220.0	-42.3	0.2655	0.285		5.3139	0.0776	0.0332		20.000
React-ive[11]		220.0	-42.8	0.2657	0.305		4.8122	0.0731	0.0000		20.000
React-ive[12]		220.0	-43.0	0.2658	0.328		4.3231	0.0739	0.0000		20.000
React-ive[13]		220.0	-43.1	0.2659	0.354		3.8395	0.0770	0.0000		20.000
React-ive[14]		220.0	-43.1	0.2659	0.385		3.3584	0.0813	0.0000		20.000
React-ive[15]		220.0	-43.2	0.2659	0.422		2.8785	0.0863	0.0000		20.000
React-ive[16]		220.0	-43.2	0.2659	0.467		2.3993	0.0917	0.0000		20.000
React-ive[17]		220.0	-43.2	0.2659	0.523		1.9205	0.0973	0.0000		20.000
React-ive[18]		220.0	-43.2	0.2659	0.593		1.4420	0.1032	0.0000		20.000
React-ive[19]		220.0	-43.2	0.2659	0.685		0.9636	0.1091	0.0000		20.000
React-ive[20]		220.0	-43.3	0.2657	0.812		0.4853	0.1162	0.0000		20.000

stages			T	Q				V_out	L_out			P_VLE
Reboiler		350.0	11.51				0.0077	0.1084			20.000
------------------------------------------------------------------------------------------------------------
============================================================================================================
2018-07-09 14:07:32 - Function time
Elapsed time: 0:00:19
Total time:   0:09:07
============================================================================================================

> Working to remove catalyst and feed from stage 2:
------------------------------------------------------------------------------------------------------------
Here comes the result:
------------------------------------------------------------------------------------------------------------
stages			T	Q				V_out	L_out	L_Prod		W
Condenser		30.00	-443.				4.6743	2.9450	0.1550		3.7320

stages			T	Q	r_FT	Conversion	V_out	L_out	L_Prod		P_VLE
NON-react[1]		220.0	173.5	0.0000	0.000		11.506	1.3757	0.0000		20.000
NON-react[2]		220.0	8.909	0.0000	0.000		9.9370	0.9174	0.0000		20.000
React-ive[3]		220.0	-35.9	0.2604	0.189		9.4788	0.6712	0.0000		20.000
React-ive[4]		220.0	-38.1	0.2620	0.200		8.7377	0.4974	0.0207		20.000
React-ive[5]		220.0	-39.3	0.2629	0.211		8.0929	0.3887	0.0000		20.000
React-ive[6]		220.0	-40.0	0.2636	0.223		7.4943	0.3047	0.0000		20.000
React-ive[7]		220.0	-40.5	0.2641	0.236		6.9215	0.2379	0.0000		20.000
React-ive[8]		220.0	-41.0	0.2646	0.251		6.3670	0.1481	0.0370		20.000
React-ive[9]		220.0	-41.7	0.2651	0.267		5.8275	0.1175	0.0000		20.000
React-ive[10]		220.0	-42.3	0.2655	0.285		5.3113	0.0708	0.0303		20.000
React-ive[11]		220.0	-42.8	0.2657	0.305		4.8099	0.0668	0.0000		20.000
React-ive[12]		220.0	-43.0	0.2658	0.328		4.3213	0.0680	0.0000		20.000
React-ive[13]		220.0	-43.1	0.2659	0.354		3.8381	0.0714	0.0000		20.000
React-ive[14]		220.0	-43.1	0.2659	0.385		3.3573	0.0759	0.0000		20.000
React-ive[15]		220.0	-43.2	0.2659	0.422		2.8776	0.0810	0.0000		20.000
React-ive[16]		220.0	-43.2	0.2659	0.467		2.3985	0.0865	0.0000		20.000
React-ive[17]		220.0	-43.2	0.2659	0.523		1.9199	0.0922	0.0000		20.000
React-ive[18]		220.0	-43.2	0.2659	0.593		1.4415	0.0981	0.0000		20.000
React-ive[19]		220.0	-43.2	0.2659	0.685		0.9632	0.1042	0.0000		20.000
React-ive[20]		220.0	-43.3	0.2657	0.812		0.4850	0.1112	0.0000		20.000

stages			T	Q				V_out	L_out			P_VLE
Reboiler		350.0	11.04				0.0073	0.1038			20.000
------------------------------------------------------------------------------------------------------------
============================================================================================================
2018-07-09 14:07:47 - Function time
Elapsed time: 0:00:16
Total time:   0:09:23
============================================================================================================

> Working to remove catalyst and feed from stage 3:
------------------------------------------------------------------------------------------------------------
Here comes the result:
------------------------------------------------------------------------------------------------------------
stages			T	Q				V_out	L_out	L_Prod		W
Condenser		30.00	-418.				4.4007	2.7843	0.1465		3.5296

stages			T	Q	r_FT	Conversion	V_out	L_out	L_Prod		P_VLE
NON-react[1]		220.0	164.0	0.0000	0.000		10.861	1.2982	0.0000		20.000
NON-react[2]		220.0	8.133	0.0000	0.000		9.3752	0.8743	0.0000		20.000
NON-react[3]		220.0	5.115	0.0000	0.000		8.9513	0.6663	0.0000		20.000
React-ive[4]		220.0	-38.0	0.2620	0.200		8.7432	0.4905	0.0204		20.000
React-ive[5]		220.0	-39.2	0.2629	0.211		8.0960	0.3803	0.0000		20.000
React-ive[6]		220.0	-39.9	0.2636	0.223		7.4958	0.2949	0.0000		20.000
React-ive[7]		220.0	-40.4	0.2641	0.236		6.9217	0.2267	0.0000		20.000
React-ive[8]		220.0	-40.9	0.2646	0.251		6.3658	0.1381	0.0345		20.000
React-ive[9]		220.0	-41.7	0.2651	0.267		5.8250	0.1073	0.0000		20.000
React-ive[10]		220.0	-42.3	0.2655	0.285		5.3084	0.0640	0.0274		20.000
React-ive[11]		220.0	-42.8	0.2657	0.305		4.8075	0.0605	0.0000		20.000
React-ive[12]		220.0	-43.0	0.2658	0.328		4.3195	0.0620	0.0000		20.000
React-ive[13]		220.0	-43.1	0.2659	0.354		3.8367	0.0657	0.0000		20.000
React-ive[14]		220.0	-43.2	0.2659	0.385		3.3562	0.0704	0.0000		20.000
React-ive[15]		220.0	-43.2	0.2659	0.422		2.8767	0.0757	0.0000		20.000
React-ive[16]		220.0	-43.2	0.2659	0.467		2.3978	0.0813	0.0000		20.000
React-ive[17]		220.0	-43.2	0.2659	0.523		1.9193	0.0871	0.0000		20.000
React-ive[18]		220.0	-43.2	0.2659	0.593		1.4409	0.0931	0.0000		20.000
React-ive[19]		220.0	-43.2	0.2659	0.686		0.9627	0.0992	0.0000		20.000
React-ive[20]		220.0	-43.3	0.2657	0.812		0.4846	0.1062	0.0000		20.000

stages			T	Q				V_out	L_out			P_VLE
Reboiler		350.0	10.56				0.0070	0.0991			20.000
------------------------------------------------------------------------------------------------------------
============================================================================================================
2018-07-09 14:08:04 - Function time
Elapsed time: 0:00:16
Total time:   0:09:39
============================================================================================================

> Working to remove catalyst and feed from stage 4:
------------------------------------------------------------------------------------------------------------
Here comes the result:
------------------------------------------------------------------------------------------------------------
stages			T	Q				V_out	L_out	L_Prod		W
Condenser		30.00	-394.				4.1317	2.6219	0.1380		3.3257

stages			T	Q	r_FT	Conversion	V_out	L_out	L_Prod		P_VLE
NON-react[1]		220.0	154.4	0.0000	0.000		10.217	1.2185	0.0000		20.000
NON-react[2]		220.0	7.675	0.0000	0.000		8.8140	0.8188	0.0000		20.000
NON-react[3]		220.0	4.545	0.0000	0.000		8.4143	0.6313	0.0000		20.000
NON-react[4]		220.0	3.512	0.0000	0.000		8.2268	0.4829	0.0201		20.000
React-ive[5]		220.0	-39.2	0.2629	0.211		8.0985	0.3712	0.0000		20.000
React-ive[6]		220.0	-39.9	0.2635	0.223		7.4967	0.2848	0.0000		20.000
React-ive[7]		220.0	-40.4	0.2641	0.236		6.9215	0.2153	0.0000		20.000
React-ive[8]		220.0	-40.8	0.2646	0.251		6.3643	0.1280	0.0320		20.000
React-ive[9]		220.0	-41.7	0.2651	0.267		5.8222	0.0969	0.0000		20.000
React-ive[10]		220.0	-42.3	0.2655	0.285		5.3054	0.0571	0.0244		20.000
React-ive[11]		220.0	-42.8	0.2658	0.305		4.8051	0.0541	0.0000		20.000
React-ive[12]		220.0	-43.0	0.2659	0.328		4.3176	0.0561	0.0000		20.000
React-ive[13]		220.0	-43.1	0.2659	0.354		3.8353	0.0601	0.0000		20.000
React-ive[14]		220.0	-43.2	0.2659	0.385		3.3551	0.0650	0.0000		20.000
React-ive[15]		220.0	-43.2	0.2659	0.422		2.8758	0.0704	0.0000		20.000
React-ive[16]		220.0	-43.2	0.2659	0.467		2.3971	0.0761	0.0000		20.000
React-ive[17]		220.0	-43.2	0.2659	0.523		1.9187	0.0820	0.0000		20.000
React-ive[18]		220.0	-43.2	0.2659	0.593		1.4404	0.0880	0.0000		20.000
React-ive[19]		220.0	-43.2	0.2659	0.686		0.9623	0.0942	0.0000		20.000
React-ive[20]		220.0	-43.3	0.2657	0.812		0.4842	0.1012	0.0000		20.000

stages			T	Q				V_out	L_out			P_VLE
Reboiler		350.0	10.09				0.0066	0.0945			20.000
------------------------------------------------------------------------------------------------------------
============================================================================================================
2018-07-09 14:08:19 - Function time
Elapsed time: 0:00:16
Total time:   0:09:55
============================================================================================================

> Working to remove catalyst and feed from stage 5:
------------------------------------------------------------------------------------------------------------
Here comes the result:
------------------------------------------------------------------------------------------------------------
stages			T	Q				V_out	L_out	L_Prod		W
Condenser		30.00	-369.				3.8660	2.4599	0.1294		3.1207

stages			T	Q	r_FT	Conversion	V_out	L_out	L_Prod		P_VLE
NON-react[1]		220.0	144.9	0.0000	0.000		9.5761	1.1418	0.0000		20.000
NON-react[2]		220.0	7.203	0.0000	0.000		8.2580	0.7666	0.0000		20.000
NON-react[3]		220.0	4.238	0.0000	0.000		7.8828	0.5915	0.0000		20.000
NON-react[4]		220.0	2.989	0.0000	0.000		7.7077	0.4610	0.0192		20.000
NON-react[5]		220.0	2.692	0.0000	0.000		7.5964	0.3690	0.0000		20.000
React-ive[6]		220.0	-39.8	0.2635	0.223		7.5044	0.2803	0.0000		20.000
React-ive[7]		220.0	-40.3	0.2640	0.236		6.9268	0.2082	0.0000		20.000
React-ive[8]		220.0	-40.7	0.2645	0.251		6.3667	0.1199	0.0299		20.000
React-ive[9]		220.0	-41.6	0.2651	0.267		5.8216	0.0873	0.0000		20.000
React-ive[10]		220.0	-42.3	0.2655	0.285		5.3033	0.0503	0.0215		20.000
React-ive[11]		220.0	-42.8	0.2658	0.305		4.8029	0.0478	0.0000		20.000
React-ive[12]		220.0	-43.0	0.2659	0.328		4.3159	0.0501	0.0000		20.000
React-ive[13]		220.0	-43.1	0.2659	0.354		3.8340	0.0544	0.0000		20.000
React-ive[14]		220.0	-43.2	0.2659	0.385		3.3540	0.0595	0.0000		20.000
React-ive[15]		220.0	-43.2	0.2659	0.422		2.8750	0.0650	0.0000		20.000
React-ive[16]		220.0	-43.2	0.2660	0.467		2.3964	0.0708	0.0000		20.000
React-ive[17]		220.0	-43.2	0.2660	0.523		1.9181	0.0768	0.0000		20.000
React-ive[18]		220.0	-43.2	0.2659	0.593		1.4399	0.0829	0.0000		20.000
React-ive[19]		220.0	-43.2	0.2659	0.686		0.9619	0.0891	0.0000		20.000
React-ive[20]		220.0	-43.3	0.2657	0.812		0.4838	0.0961	0.0000		20.000

stages			T	Q				V_out	L_out			P_VLE
Reboiler		350.0	9.603				0.0063	0.0897			20.000
------------------------------------------------------------------------------------------------------------
============================================================================================================
2018-07-09 14:08:36 - Function time
Elapsed time: 0:00:16
Total time:   0:10:12
============================================================================================================

> Working to remove catalyst and feed from stage 6:
------------------------------------------------------------------------------------------------------------
Here comes the result:
------------------------------------------------------------------------------------------------------------
stages			T	Q				V_out	L_out	L_Prod		W
Condenser		30.00	-345.				3.6021	2.2979	0.1209		2.9149

stages			T	Q	r_FT	Conversion	V_out	L_out	L_Prod		P_VLE
NON-react[1]		220.0	135.3	0.0000	0.000		8.9359	1.0662	0.0000		20.000
NON-react[2]		220.0	6.724	0.0000	0.000		7.7042	0.7158	0.0000		20.000
NON-react[3]		220.0	3.952	0.0000	0.000		7.3538	0.5525	0.0000		20.000
NON-react[4]		220.0	2.760	0.0000	0.000		7.1905	0.4314	0.0179		20.000
NON-react[5]		220.0	2.218	0.0000	0.000		7.0875	0.3539	0.0000		20.000
NON-react[6]		220.0	2.333	0.0000	0.000		7.0099	0.2786	0.0000		20.000
React-ive[7]		220.0	-40.2	0.2639	0.236		6.9347	0.2031	0.0000		20.000
React-ive[8]		220.0	-40.6	0.2645	0.251		6.3710	0.1126	0.0281		20.000
React-ive[9]		220.0	-41.5	0.2651	0.267		5.8218	0.0779	0.0000		20.000
React-ive[10]		220.0	-42.3	0.2655	0.285		5.3012	0.0436	0.0186		20.000
React-ive[11]		220.0	-42.9	0.2658	0.305		4.8007	0.0415	0.0000		20.000
React-ive[12]		220.0	-43.1	0.2659	0.328		4.3142	0.0442	0.0000		20.000
React-ive[13]		220.0	-43.1	0.2659	0.354		3.8327	0.0487	0.0000		20.000
React-ive[14]		220.0	-43.2	0.2659	0.385		3.3530	0.0540	0.0000		20.000
React-ive[15]		220.0	-43.2	0.2660	0.423		2.8741	0.0597	0.0000		20.000
React-ive[16]		220.0	-43.2	0.2660	0.467		2.3957	0.0656	0.0000		20.000
React-ive[17]		220.0	-43.2	0.2660	0.523		1.9175	0.0716	0.0000		20.000
React-ive[18]		220.0	-43.2	0.2659	0.593		1.4394	0.0778	0.0000		20.000
React-ive[19]		220.0	-43.2	0.2659	0.686		0.9614	0.0840	0.0000		20.000
React-ive[20]		220.0	-43.3	0.2658	0.812		0.4835	0.0910	0.0000		20.000

stages			T	Q				V_out	L_out			P_VLE
Reboiler		350.0	9.117				0.0059	0.0850			20.000
------------------------------------------------------------------------------------------------------------
============================================================================================================
2018-07-09 14:08:55 - Function time
Elapsed time: 0:00:19
Total time:   0:10:31
============================================================================================================

> Working to remove catalyst and feed from stage 7:
------------------------------------------------------------------------------------------------------------
Here comes the result:
------------------------------------------------------------------------------------------------------------
stages			T	Q				V_out	L_out	L_Prod		W
Condenser		30.00	-320.				3.3395	2.1355	0.1124		2.7087

stages			T	Q	r_FT	Conversion	V_out	L_out	L_Prod		P_VLE
NON-react[1]		220.0	125.7	0.0000	0.000		8.2962	0.9906	0.0000		20.000
NON-react[2]		220.0	6.246	0.0000	0.000		7.1513	0.6650	0.0000		20.000
NON-react[3]		220.0	3.673	0.0000	0.000		6.8257	0.5132	0.0000		20.000
NON-react[4]		220.0	2.565	0.0000	0.000		6.6739	0.4007	0.0167		20.000
NON-react[5]		220.0	2.043	0.0000	0.000		6.5781	0.3292	0.0000		20.000
NON-react[6]		220.0	1.896	0.0000	0.000		6.5066	0.2666	0.0000		20.000
NON-react[7]		220.0	2.237	0.0000	0.000		6.4440	0.1986	0.0000		20.000
React-ive[8]		220.0	-40.4	0.2644	0.251		6.3760	0.1054	0.0263		20.000
React-ive[9]		220.0	-41.4	0.2651	0.267		5.8221	0.0682	0.0000		20.000
React-ive[10]		220.0	-42.3	0.2655	0.285		5.2990	0.0367	0.0157		20.000
React-ive[11]		220.0	-42.9	0.2658	0.305		4.7983	0.0352	0.0000		20.000
React-ive[12]		220.0	-43.1	0.2659	0.328		4.3124	0.0384	0.0000		20.000
React-ive[13]		220.0	-43.2	0.2659	0.354		3.8313	0.0431	0.0000		20.000
React-ive[14]		220.0	-43.2	0.2660	0.386		3.3520	0.0486	0.0000		20.000
React-ive[15]		220.0	-43.2	0.2660	0.423		2.8733	0.0544	0.0000		20.000
React-ive[16]		220.0	-43.2	0.2660	0.467		2.3950	0.0604	0.0000		20.000
React-ive[17]		220.0	-43.2	0.2660	0.523		1.9169	0.0665	0.0000		20.000
React-ive[18]		220.0	-43.2	0.2660	0.593		1.4389	0.0727	0.0000		20.000
React-ive[19]		220.0	-43.2	0.2659	0.686		0.9610	0.0790	0.0000		20.000
React-ive[20]		220.0	-43.3	0.2658	0.813		0.4831	0.0860	0.0000		20.000

stages			T	Q				V_out	L_out			P_VLE
Reboiler		350.0	8.633				0.0056	0.0803			20.000
------------------------------------------------------------------------------------------------------------
============================================================================================================
2018-07-09 14:09:11 - Function time
Elapsed time: 0:00:17
Total time:   0:10:47
============================================================================================================

> Working to remove catalyst and feed from stage 8:
------------------------------------------------------------------------------------------------------------
Here comes the result:
------------------------------------------------------------------------------------------------------------
stages			T	Q				V_out	L_out	L_Prod		W
Condenser		30.00	-296.				3.0783	1.9728	0.1038		2.5019

stages			T	Q	r_FT	Conversion	V_out	L_out	L_Prod		P_VLE
NON-react[1]		220.0	116.1	0.0000	0.000		7.6569	0.9150	0.0000		20.000
NON-react[2]		220.0	5.769	0.0000	0.000		6.5991	0.6141	0.0000		20.000
NON-react[3]		220.0	3.398	0.0000	0.000		6.2982	0.4737	0.0000		20.000
NON-react[4]		220.0	2.380	0.0000	0.000		6.1578	0.3695	0.0154		20.000
NON-react[5]		220.0	1.902	0.0000	0.000		6.0690	0.3029	0.0000		20.000
NON-react[6]		220.0	1.757	0.0000	0.000		6.0024	0.2449	0.0000		20.000
NON-react[7]		220.0	1.825	0.0000	0.000		5.9444	0.1882	0.0000		20.000
NON-react[8]		220.0	2.307	0.0000	0.000		5.8877	0.0984	0.0246		20.000
React-ive[9]		220.0	-41.3	0.2650	0.267		5.8225	0.0583	0.0000		20.000
React-ive[10]		220.0	-42.3	0.2655	0.285		5.2966	0.0297	0.0127		20.000
React-ive[11]		220.0	-42.9	0.2658	0.305		4.7958	0.0289	0.0000		20.000
React-ive[12]		220.0	-43.1	0.2659	0.328		4.3106	0.0325	0.0000		20.000
React-ive[13]		220.0	-43.2	0.2659	0.355		3.8300	0.0376	0.0000		20.000
React-ive[14]		220.0	-43.2	0.2660	0.386		3.3510	0.0433	0.0000		20.000
React-ive[15]		220.0	-43.2	0.2660	0.423		2.8725	0.0492	0.0000		20.000
React-ive[16]		220.0	-43.2	0.2660	0.468		2.3944	0.0553	0.0000		20.000
React-ive[17]		220.0	-43.2	0.2660	0.523		1.9164	0.0615	0.0000		20.000
React-ive[18]		220.0	-43.2	0.2660	0.594		1.4385	0.0677	0.0000		20.000
React-ive[19]		220.0	-43.2	0.2659	0.686		0.9606	0.0741	0.0000		20.000
React-ive[20]		220.0	-43.3	0.2658	0.813		0.4828	0.0810	0.0000		20.000

stages			T	Q				V_out	L_out			P_VLE
Reboiler		350.0	8.152				0.0053	0.0757			20.000
------------------------------------------------------------------------------------------------------------
============================================================================================================
2018-07-09 14:09:28 - Function time
Elapsed time: 0:00:17
Total time:   0:11:04
============================================================================================================

> Working to remove catalyst and feed from stage 19:
------------------------------------------------------------------------------------------------------------
Here comes the result:
------------------------------------------------------------------------------------------------------------
stages			T	Q				V_out	L_out	L_Prod		W
Condenser		30.00	-271.				2.8220	1.8082	0.0951		2.2933

stages			T	Q	r_FT	Conversion	V_out	L_out	L_Prod		P_VLE
NON-react[1]		220.0	106.4	0.0000	0.000		7.0188	0.8386	0.0000		20.000
NON-react[2]		220.0	5.288	0.0000	0.000		6.0492	0.5629	0.0000		20.000
NON-react[3]		220.0	3.114	0.0000	0.000		5.7734	0.4342	0.0000		20.000
NON-react[4]		220.0	2.180	0.0000	0.000		5.6447	0.3387	0.0141		20.000
NON-react[5]		220.0	1.741	0.0000	0.000		5.5633	0.2778	0.0000		20.000
NON-react[6]		220.0	1.606	0.0000	0.000		5.5024	0.2247	0.0000		20.000
NON-react[7]		220.0	1.671	0.0000	0.000		5.4493	0.1728	0.0000		20.000
NON-react[8]		220.0	2.152	0.0000	0.000		5.3975	0.0896	0.0224		20.000
React-ive[9]		220.0	-41.4	0.2651	0.284		5.3367	0.0532	0.0000		20.000
React-ive[10]		220.0	-42.4	0.2656	0.305		4.8144	0.0277	0.0118		20.000
React-ive[11]		220.0	-42.9	0.2658	0.328		4.3160	0.0277	0.0000		20.000
React-ive[12]		220.0	-43.1	0.2659	0.354		3.8317	0.0317	0.0000		20.000
React-ive[13]		220.0	-43.2	0.2660	0.386		3.3514	0.0369	0.0000		20.000
React-ive[14]		220.0	-43.2	0.2660	0.423		2.8725	0.0426	0.0000		20.000
React-ive[15]		220.0	-43.2	0.2660	0.468		2.3942	0.0486	0.0000		20.000
React-ive[16]		220.0	-43.2	0.2660	0.523		1.9161	0.0548	0.0000		20.000
React-ive[17]		220.0	-43.2	0.2660	0.594		1.4381	0.0610	0.0000		20.000
React-ive[18]		220.0	-43.2	0.2659	0.686		0.9602	0.0673	0.0000		20.000
NON-react[19]		220.0	-0.00	0.0000	0.000		0.4823	0.0673	0.0000		20.000
React-ive[20]		220.0	-43.3	0.2658	0.813		0.4824	0.0742	0.0000		20.000

stages			T	Q				V_out	L_out			P_VLE
Reboiler		350.0	7.460				0.0048	0.0693			20.000
------------------------------------------------------------------------------------------------------------
============================================================================================================
2018-07-09 14:09:46 - Function time
Elapsed time: 0:00:18
Total time:   0:11:22
============================================================================================================

> Working to remove catalyst and feed from stage 20:
------------------------------------------------------------------------------------------------------------
Here comes the result:
------------------------------------------------------------------------------------------------------------
stages			T	Q				V_out	L_out	L_Prod		W
Condenser		30.00	-246.				2.5652	1.6421	0.0864		2.0842

stages			T	Q	r_FT	Conversion	V_out	L_out	L_Prod		P_VLE
NON-react[1]		220.0	96.67	0.0000	0.000		6.3781	0.7616	0.0000		20.000
NON-react[2]		220.0	4.803	0.0000	0.000		5.4975	0.5112	0.0000		20.000
NON-react[3]		220.0	2.827	0.0000	0.000		5.2471	0.3944	0.0000		20.000
NON-react[4]		220.0	1.978	0.0000	0.000		5.1303	0.3077	0.0128		20.000
NON-react[5]		220.0	1.578	0.0000	0.000		5.0565	0.2525	0.0000		20.000
NON-react[6]		220.0	1.455	0.0000	0.000		5.0012	0.2044	0.0000		20.000
NON-react[7]		220.0	1.517	0.0000	0.000		4.9532	0.1573	0.0000		20.000
NON-react[8]		220.0	1.997	0.0000	0.000		4.9061	0.0809	0.0202		20.000
React-ive[9]		220.0	-41.6	0.2651	0.304		4.8499	0.0480	0.0000		20.000
React-ive[10]		220.0	-42.5	0.2656	0.328		4.3312	0.0257	0.0110		20.000
React-ive[11]		220.0	-43.0	0.2659	0.354		3.8352	0.0266	0.0000		20.000
React-ive[12]		220.0	-43.1	0.2659	0.386		3.3517	0.0308	0.0000		20.000
React-ive[13]		220.0	-43.2	0.2660	0.423		2.8718	0.0362	0.0000		20.000
React-ive[14]		220.0	-43.2	0.2660	0.468		2.3931	0.0420	0.0000		20.000
React-ive[15]		220.0	-43.2	0.2660	0.523		1.9148	0.0481	0.0000		20.000
React-ive[16]		220.0	-43.2	0.2660	0.594		1.4368	0.0542	0.0000		20.000
React-ive[17]		220.0	-43.2	0.2660	0.686		0.9589	0.0605	0.0000		20.000
React-ive[18]		220.0	-43.2	0.2659	0.813		0.4810	0.0667	0.0000		20.000
NON-react[19]		220.0	-0.05	0.0000	0.000		0.0032	0.0684	0.0000		20.000
NON-react[20]		220.0	-0.29	0.0000	0.000		0.0048	0.0729	0.0000		20.000

stages			T	Q				V_out	L_out			P_VLE
Reboiler		350.0	7.023				0.0093	0.0635			20.000
------------------------------------------------------------------------------------------------------------
============================================================================================================
2018-07-09 14:11:33 - Function time
Elapsed time: 0:01:47
Total time:   0:13:09
============================================================================================================

> Working to remove catalyst and feed from stage 1, unfixing temperature, changing to adiabatic:
------------------------------------------------------------------------------------------------------------
Here comes the result:
------------------------------------------------------------------------------------------------------------
stages			T	Q				V_out	L_out	L_Prod		W
Condenser		30.00	-187.				2.5738	1.1584	0.0609		2.0816

stages			T	Q	r_FT	Conversion	V_out	L_out	L_Prod		P_VLE
NON-react[1]		180.6	0.000	0.0000	0.000		5.8748	1.6360	0.0000		20.000
NON-react[2]		220.0	32.81	0.0000	0.000		6.3525	1.0368	0.0000		20.000
NON-react[3]		220.0	5.349	0.0000	0.000		5.7533	0.7756	0.0000		20.000
NON-react[4]		220.0	4.168	0.0000	0.000		5.4920	0.5730	0.0238		20.000
NON-react[5]		220.0	3.398	0.0000	0.000		5.3134	0.4393	0.0000		20.000
NON-react[6]		220.0	2.958	0.0000	0.000		5.1796	0.3304	0.0000		20.000
NON-react[7]		220.0	2.783	0.0000	0.000		5.0708	0.2350	0.0000		20.000
NON-react[8]		220.0	3.071	0.0000	0.000		4.9754	0.1122	0.0280		20.000
React-ive[9]		220.0	-40.9	0.2647	0.304		4.8805	0.0592	0.0000		20.000
React-ive[10]		220.0	-42.2	0.2655	0.327		4.3410	0.0288	0.0123		20.000
React-ive[11]		220.0	-42.9	0.2658	0.354		3.8380	0.0281	0.0000		20.000
React-ive[12]		220.0	-43.1	0.2659	0.386		3.3528	0.0318	0.0000		20.000
React-ive[13]		220.0	-43.2	0.2660	0.423		2.8724	0.0370	0.0000		20.000
React-ive[14]		220.0	-43.2	0.2660	0.468		2.3934	0.0427	0.0000		20.000
React-ive[15]		220.0	-43.2	0.2660	0.523		1.9150	0.0487	0.0000		20.000
React-ive[16]		220.0	-43.2	0.2660	0.594		1.4369	0.0548	0.0000		20.000
React-ive[17]		220.0	-43.2	0.2660	0.686		0.9590	0.0610	0.0000		20.000
React-ive[18]		220.0	-43.2	0.2659	0.813		0.4811	0.0673	0.0000		20.000
NON-react[19]		220.0	-0.05	0.0000	0.000		0.0032	0.0689	0.0000		20.000
NON-react[20]		220.0	-0.30	0.0000	0.000		0.0049	0.0734	0.0000		20.000

stages			T	Q				V_out	L_out			P_VLE
Reboiler		350.0	7.068				0.0094	0.0640			20.000
------------------------------------------------------------------------------------------------------------
============================================================================================================
2018-07-09 14:12:28 - Function time
Elapsed time: 0:00:55
Total time:   0:14:03
============================================================================================================

> Working to remove catalyst and feed from stage 2, unfixing temperature, changing to adiabatic:
------------------------------------------------------------------------------------------------------------
Here comes the result:
------------------------------------------------------------------------------------------------------------
stages			T	Q				V_out	L_out	L_Prod		W
Condenser		30.00	-170.				2.5773	0.9794	0.0515		2.0807

stages			T	Q	r_FT	Conversion	V_out	L_out	L_Prod		P_VLE
NON-react[1]		166.5	0.000	0.0000	0.000		5.6890	1.3431	0.0000		20.000
NON-react[2]		199.4	0.000	0.0000	0.000		6.0527	1.3284	0.0000		20.000
NON-react[3]		220.0	17.53	0.0000	0.000		6.0381	0.9444	0.0000		20.000
NON-react[4]		220.0	5.158	0.0000	0.000		5.6540	0.6832	0.0284		20.000
NON-react[5]		220.0	4.199	0.0000	0.000		5.4213	0.5109	0.0000		20.000
NON-react[6]		220.0	3.591	0.0000	0.000		5.2490	0.3745	0.0000		20.000
NON-react[7]		220.0	3.270	0.0000	0.000		5.1126	0.2595	0.0000		20.000
NON-react[8]		220.0	3.433	0.0000	0.000		4.9976	0.1208	0.0302		20.000
React-ive[9]		220.0	-40.7	0.2646	0.303		4.8891	0.0619	0.0000		20.000
React-ive[10]		220.0	-42.1	0.2654	0.327		4.3435	0.0295	0.0126		20.000
React-ive[11]		220.0	-42.9	0.2658	0.354		3.8386	0.0284	0.0000		20.000
React-ive[12]		220.0	-43.1	0.2659	0.386		3.3530	0.0320	0.0000		20.000
React-ive[13]		220.0	-43.2	0.2659	0.423		2.8725	0.0372	0.0000		20.000
React-ive[14]		220.0	-43.2	0.2660	0.468		2.3935	0.0428	0.0000		20.000
React-ive[15]		220.0	-43.2	0.2660	0.523		1.9151	0.0488	0.0000		20.000
React-ive[16]		220.0	-43.2	0.2660	0.594		1.4370	0.0549	0.0000		20.000
React-ive[17]		220.0	-43.2	0.2660	0.686		0.9590	0.0611	0.0000		20.000
React-ive[18]		220.0	-43.2	0.2659	0.813		0.4811	0.0674	0.0000		20.000
NON-react[19]		220.0	-0.05	0.0000	0.000		0.0032	0.0691	0.0000		20.000
NON-react[20]		220.0	-0.30	0.0000	0.000		0.0049	0.0735	0.0000		20.000

stages			T	Q				V_out	L_out			P_VLE
Reboiler		350.0	7.077				0.0094	0.0641			20.000
------------------------------------------------------------------------------------------------------------
============================================================================================================
2018-07-09 14:12:50 - Function time
Elapsed time: 0:00:22
Total time:   0:14:26
============================================================================================================

> Working to remove catalyst and feed from stage 3, unfixing temperature, changing to adiabatic:
------------------------------------------------------------------------------------------------------------
Here comes the result:
------------------------------------------------------------------------------------------------------------
stages			T	Q				V_out	L_out	L_Prod		W
Condenser		30.00	-160.				2.5793	0.8753	0.0460		2.0803

stages			T	Q	r_FT	Conversion	V_out	L_out	L_Prod		P_VLE
NON-react[1]		158.3	0.000	0.0000	0.000		5.5810	1.1785	0.0000		20.000
NON-react[2]		187.2	0.000	0.0000	0.000		5.8842	1.1356	0.0000		20.000
NON-react[3]		205.8	0.000	0.0000	0.000		5.8414	1.0756	0.0000		20.000
NON-react[4]		220.0	12.07	0.0000	0.000		5.7813	0.7495	0.0312		20.000
NON-react[5]		220.0	4.702	0.0000	0.000		5.4864	0.5519	0.0000		20.000
NON-react[6]		220.0	3.961	0.0000	0.000		5.2888	0.3986	0.0000		20.000
NON-react[7]		220.0	3.542	0.0000	0.000		5.1356	0.2723	0.0000		20.000
NON-react[8]		220.0	3.626	0.0000	0.000		5.0093	0.1252	0.0313		20.000
React-ive[9]		220.0	-40.6	0.2645	0.303		4.8935	0.0632	0.0000		20.000
React-ive[10]		220.0	-42.1	0.2654	0.327		4.3446	0.0298	0.0128		20.000
React-ive[11]		220.0	-42.9	0.2658	0.354		3.8389	0.0285	0.0000		20.000
React-ive[12]		220.0	-43.1	0.2659	0.386		3.3532	0.0321	0.0000		20.000
React-ive[13]		220.0	-43.2	0.2659	0.423		2.8726	0.0372	0.0000		20.000
React-ive[14]		220.0	-43.2	0.2660	0.468		2.3935	0.0429	0.0000		20.000
React-ive[15]		220.0	-43.2	0.2660	0.523		1.9151	0.0489	0.0000		20.000
React-ive[16]		220.0	-43.2	0.2660	0.594		1.4370	0.0550	0.0000		20.000
React-ive[17]		220.0	-43.2	0.2660	0.686		0.9590	0.0612	0.0000		20.000
React-ive[18]		220.0	-43.2	0.2659	0.813		0.4811	0.0674	0.0000		20.000
NON-react[19]		220.0	-0.05	0.0000	0.000		0.0032	0.0691	0.0000		20.000
NON-react[20]		220.0	-0.30	0.0000	0.000		0.0049	0.0736	0.0000		20.000

stages			T	Q				V_out	L_out			P_VLE
Reboiler		350.0	7.081				0.0094	0.0642			20.000
------------------------------------------------------------------------------------------------------------
============================================================================================================
2018-07-09 14:13:13 - Function time
Elapsed time: 0:00:23
Total time:   0:14:49
============================================================================================================

> Working to remove catalyst and feed from stage 4, unfixing temperature, changing to adiabatic:
------------------------------------------------------------------------------------------------------------
Here comes the result:
------------------------------------------------------------------------------------------------------------
stages			T	Q				V_out	L_out	L_Prod		W
Condenser		30.00	-153.				2.5809	0.7942	0.0418		2.0795

stages			T	Q	r_FT	Conversion	V_out	L_out	L_Prod		P_VLE
NON-react[1]		151.8	0.000	0.0000	0.000		5.4965	1.0534	0.0000		20.000
NON-react[2]		177.5	0.000	0.0000	0.000		5.7557	0.9966	0.0000		20.000
NON-react[3]		194.6	0.000	0.0000	0.000		5.6988	0.9277	0.0000		20.000
NON-react[4]		208.1	0.000	0.0000	0.000		5.6299	0.8163	0.0340		20.000
NON-react[5]		220.0	9.173	0.0000	0.000		5.5526	0.5822	0.0000		20.000
NON-react[6]		220.0	4.247	0.0000	0.000		5.3184	0.4156	0.0000		20.000
NON-react[7]		220.0	3.737	0.0000	0.000		5.1519	0.2811	0.0000		20.000
NON-react[8]		220.0	3.758	0.0000	0.000		5.0173	0.1281	0.0320		20.000
React-ive[9]		220.0	-40.5	0.2645	0.303		4.8964	0.0641	0.0000		20.000
React-ive[10]		220.0	-42.1	0.2654	0.327		4.3454	0.0301	0.0129		20.000
React-ive[11]		220.0	-42.9	0.2658	0.354		3.8391	0.0286	0.0000		20.000
React-ive[12]		220.0	-43.1	0.2659	0.386		3.3532	0.0322	0.0000		20.000
React-ive[13]		220.0	-43.2	0.2659	0.423		2.8726	0.0373	0.0000		20.000
React-ive[14]		220.0	-43.2	0.2660	0.468		2.3935	0.0429	0.0000		20.000
React-ive[15]		220.0	-43.2	0.2660	0.523		1.9151	0.0489	0.0000		20.000
React-ive[16]		220.0	-43.2	0.2660	0.594		1.4370	0.0550	0.0000		20.000
React-ive[17]		220.0	-43.2	0.2660	0.686		0.9590	0.0612	0.0000		20.000
React-ive[18]		220.0	-43.2	0.2659	0.813		0.4811	0.0674	0.0000		20.000
NON-react[19]		220.0	-0.05	0.0000	0.000		0.0032	0.0691	0.0000		20.000
NON-react[20]		220.0	-0.30	0.0000	0.000		0.0049	0.0736	0.0000		20.000

stages			T	Q				V_out	L_out			P_VLE
Reboiler		350.0	7.084				0.0094	0.0642			20.000
------------------------------------------------------------------------------------------------------------
============================================================================================================
2018-07-09 14:13:34 - Function time
Elapsed time: 0:00:21
Total time:   0:15:10
============================================================================================================

> Working to remove catalyst and feed from stage 5, unfixing temperature, changing to adiabatic:
------------------------------------------------------------------------------------------------------------
Here comes the result:
------------------------------------------------------------------------------------------------------------
stages			T	Q				V_out	L_out	L_Prod		W
Condenser		30.00	-149.				2.5826	0.7461	0.0392		2.0786

stages			T	Q	r_FT	Conversion	V_out	L_out	L_Prod		P_VLE
NON-react[1]		147.7	0.000	0.0000	0.000		5.4467	0.9838	0.0000		20.000
NON-react[2]		171.1	0.000	0.0000	0.000		5.6845	0.9276	0.0000		20.000
NON-react[3]		186.7	0.000	0.0000	0.000		5.6282	0.8634	0.0000		20.000
NON-react[4]		198.9	0.000	0.0000	0.000		5.5640	0.7609	0.0317		20.000
NON-react[5]		209.8	0.000	0.0000	0.000		5.4932	0.6869	0.0000		20.000
NON-react[6]		220.0	7.690	0.0000	0.000		5.4192	0.4857	0.0000		20.000
NON-react[7]		220.0	4.372	0.0000	0.000		5.2180	0.3242	0.0000		20.000
NON-react[8]		220.0	4.375	0.0000	0.000		5.0565	0.1435	0.0358		20.000
React-ive[9]		220.0	-40.2	0.2643	0.303		4.9117	0.0686	0.0000		20.000
React-ive[10]		220.0	-42.0	0.2653	0.327		4.3495	0.0312	0.0133		20.000
React-ive[11]		220.0	-42.9	0.2658	0.354		3.8401	0.0291	0.0000		20.000
React-ive[12]		220.0	-43.1	0.2659	0.386		3.3536	0.0325	0.0000		20.000
React-ive[13]		220.0	-43.2	0.2659	0.423		2.8728	0.0375	0.0000		20.000
React-ive[14]		220.0	-43.2	0.2660	0.468		2.3936	0.0432	0.0000		20.000
React-ive[15]		220.0	-43.2	0.2660	0.523		1.9152	0.0491	0.0000		20.000
React-ive[16]		220.0	-43.2	0.2660	0.594		1.4370	0.0552	0.0000		20.000
React-ive[17]		220.0	-43.2	0.2660	0.686		0.9590	0.0614	0.0000		20.000
React-ive[18]		220.0	-43.2	0.2659	0.813		0.4811	0.0676	0.0000		20.000
NON-react[19]		220.0	-0.05	0.0000	0.000		0.0032	0.0693	0.0000		20.000
NON-react[20]		220.0	-0.30	0.0000	0.000		0.0049	0.0738	0.0000		20.000

stages			T	Q				V_out	L_out			P_VLE
Reboiler		350.0	7.098				0.0094	0.0643			20.000
------------------------------------------------------------------------------------------------------------
============================================================================================================
2018-07-09 14:13:55 - Function time
Elapsed time: 0:00:21
Total time:   0:15:30
============================================================================================================

> Working to remove catalyst and feed from stage 6, unfixing temperature, changing to adiabatic:
------------------------------------------------------------------------------------------------------------
Here comes the result:
------------------------------------------------------------------------------------------------------------
stages			T	Q				V_out	L_out	L_Prod		W
Condenser		30.00	-146.				2.5843	0.7015	0.0369		2.0779

stages			T	Q	r_FT	Conversion	V_out	L_out	L_Prod		P_VLE
NON-react[1]		143.9	0.000	0.0000	0.000		5.4007	0.9192	0.0000		20.000
NON-react[2]		165.1	0.000	0.0000	0.000		5.6184	0.8642	0.0000		20.000
NON-react[3]		179.3	0.000	0.0000	0.000		5.5633	0.8045	0.0000		20.000
NON-react[4]		190.5	0.000	0.0000	0.000		5.5037	0.7099	0.0295		20.000
NON-react[5]		200.4	0.000	0.0000	0.000		5.4386	0.6406	0.0000		20.000
NON-react[6]		210.0	0.000	0.0000	0.000		5.3693	0.5637	0.0000		20.000
NON-react[7]		220.0	7.415	0.0000	0.000		5.2925	0.3666	0.0000		20.000
NON-react[8]		220.0	4.992	0.0000	0.000		5.0954	0.1579	0.0394		20.000
React-ive[9]		220.0	-39.9	0.2641	0.303		4.9261	0.0725	0.0000		20.000
React-ive[10]		220.0	-41.9	0.2653	0.327		4.3530	0.0321	0.0137		20.000
React-ive[11]		220.0	-42.8	0.2658	0.354		3.8409	0.0295	0.0000		20.000
React-ive[12]		220.0	-43.1	0.2659	0.386		3.3539	0.0328	0.0000		20.000
React-ive[13]		220.0	-43.2	0.2659	0.423		2.8729	0.0377	0.0000		20.000
React-ive[14]		220.0	-43.2	0.2660	0.468		2.3937	0.0433	0.0000		20.000
React-ive[15]		220.0	-43.2	0.2660	0.523		1.9152	0.0492	0.0000		20.000
React-ive[16]		220.0	-43.2	0.2660	0.594		1.4371	0.0553	0.0000		20.000
React-ive[17]		220.0	-43.2	0.2660	0.686		0.9590	0.0615	0.0000		20.000
React-ive[18]		220.0	-43.2	0.2659	0.813		0.4811	0.0677	0.0000		20.000
NON-react[19]		220.0	-0.05	0.0000	0.000		0.0032	0.0694	0.0000		20.000
NON-react[20]		220.0	-0.30	0.0000	0.000		0.0049	0.0739	0.0000		20.000

stages			T	Q				V_out	L_out			P_VLE
Reboiler		350.0	7.108				0.0094	0.0645			20.000
------------------------------------------------------------------------------------------------------------
============================================================================================================
2018-07-09 14:14:16 - Function time
Elapsed time: 0:00:21
Total time:   0:15:52
============================================================================================================

> Working to remove catalyst and feed from stage 7, unfixing temperature, changing to adiabatic:
------------------------------------------------------------------------------------------------------------
Here comes the result:
------------------------------------------------------------------------------------------------------------
stages			T	Q				V_out	L_out	L_Prod		W
Condenser		30.00	-142.				2.5862	0.6505	0.0342		2.0770

stages			T	Q	r_FT	Conversion	V_out	L_out	L_Prod		P_VLE
NON-react[1]		139.5	0.000	0.0000	0.000		5.3481	0.8460	0.0000		20.000
NON-react[2]		158.3	0.000	0.0000	0.000		5.5436	0.7926	0.0000		20.000
NON-react[3]		170.9	0.000	0.0000	0.000		5.4901	0.7381	0.0000		20.000
NON-react[4]		180.9	0.000	0.0000	0.000		5.4356	0.6525	0.0271		20.000
NON-react[5]		189.8	0.000	0.0000	0.000		5.3772	0.5891	0.0000		20.000
NON-react[6]		198.6	0.000	0.0000	0.000		5.3138	0.5156	0.0000		20.000
NON-react[7]		208.3	0.000	0.0000	0.000		5.2404	0.4256	0.0000		20.000
NON-react[8]		220.0	7.941	0.0000	0.000		5.1504	0.1743	0.0436		20.000
React-ive[9]		220.0	-39.5	0.2639	0.302		4.9427	0.0765	0.0000		20.000
React-ive[10]		220.0	-41.8	0.2652	0.327		4.3566	0.0330	0.0141		20.000
React-ive[11]		220.0	-42.8	0.2658	0.354		3.8417	0.0299	0.0000		20.000
React-ive[12]		220.0	-43.1	0.2659	0.386		3.3542	0.0330	0.0000		20.000
React-ive[13]		220.0	-43.2	0.2659	0.423		2.8731	0.0379	0.0000		20.000
React-ive[14]		220.0	-43.2	0.2660	0.468		2.3938	0.0435	0.0000		20.000
React-ive[15]		220.0	-43.2	0.2660	0.523		1.9153	0.0494	0.0000		20.000
React-ive[16]		220.0	-43.2	0.2660	0.594		1.4371	0.0554	0.0000		20.000
React-ive[17]		220.0	-43.2	0.2660	0.686		0.9591	0.0616	0.0000		20.000
React-ive[18]		220.0	-43.2	0.2659	0.813		0.4811	0.0678	0.0000		20.000
NON-react[19]		220.0	-0.05	0.0000	0.000		0.0032	0.0696	0.0000		20.000
NON-react[20]		220.0	-0.30	0.0000	0.000		0.0049	0.0741	0.0000		20.000

stages			T	Q				V_out	L_out			P_VLE
Reboiler		350.0	7.118				0.0094	0.0646			20.000
------------------------------------------------------------------------------------------------------------
============================================================================================================
2018-07-09 14:14:56 - Function time
Elapsed time: 0:00:40
Total time:   0:16:32
============================================================================================================

> Working to remove catalyst and feed from stage 8, unfixing temperature, changing to adiabatic:
------------------------------------------------------------------------------------------------------------
Here comes the result:
------------------------------------------------------------------------------------------------------------
stages			T	Q				V_out	L_out	L_Prod		W
Condenser		30.00	-136.				2.5891	0.5777	0.0304		2.0749

stages			T	Q	r_FT	Conversion	V_out	L_out	L_Prod		P_VLE
NON-react[1]		133.2	0.000	0.0000	0.000		5.2722	0.7425	0.0000		20.000
NON-react[2]		148.5	0.000	0.0000	0.000		5.4369	0.6919	0.0000		20.000
NON-react[3]		159.1	0.000	0.0000	0.000		5.3863	0.6445	0.0000		20.000
NON-react[4]		167.5	0.000	0.0000	0.000		5.3389	0.5715	0.0238		20.000
NON-react[5]		175.2	0.000	0.0000	0.000		5.2897	0.5173	0.0000		20.000
NON-react[6]		182.9	0.000	0.0000	0.000		5.2356	0.4512	0.0000		20.000
NON-react[7]		191.8	0.000	0.0000	0.000		5.1694	0.3636	0.0000		20.000
NON-react[8]		203.7	0.000	0.0000	0.000		5.0819	0.2022	0.0505		20.000
React-ive[9]		220.0	-37.5	0.2634	0.302		4.9710	0.0813	0.0000		20.000
React-ive[10]		220.0	-41.7	0.2652	0.327		4.3611	0.0340	0.0145		20.000
React-ive[11]		220.0	-42.8	0.2657	0.354		3.8427	0.0304	0.0000		20.000
React-ive[12]		220.0	-43.1	0.2659	0.386		3.3545	0.0333	0.0000		20.000
React-ive[13]		220.0	-43.2	0.2659	0.423		2.8732	0.0381	0.0000		20.000
React-ive[14]		220.0	-43.2	0.2660	0.468		2.3939	0.0437	0.0000		20.000
React-ive[15]		220.0	-43.2	0.2660	0.523		1.9153	0.0495	0.0000		20.000
React-ive[16]		220.0	-43.2	0.2660	0.594		1.4371	0.0556	0.0000		20.000
React-ive[17]		220.0	-43.2	0.2660	0.686		0.9591	0.0617	0.0000		20.000
React-ive[18]		220.0	-43.2	0.2659	0.813		0.4812	0.0680	0.0000		20.000
NON-react[19]		220.0	-0.05	0.0000	0.000		0.0032	0.0697	0.0000		20.000
NON-react[20]		220.0	-0.30	0.0000	0.000		0.0049	0.0742	0.0000		20.000

stages			T	Q				V_out	L_out			P_VLE
Reboiler		350.0	7.129				0.0095	0.0647			20.000
------------------------------------------------------------------------------------------------------------
============================================================================================================
2018-07-09 14:15:35 - Function time
Elapsed time: 0:00:39
Total time:   0:17:11
============================================================================================================

> Working to remove catalyst and feed from stage 19, unfixing temperature, changing to adiabatic:
------------------------------------------------------------------------------------------------------------
Here comes the result:
------------------------------------------------------------------------------------------------------------
stages			T	Q				V_out	L_out	L_Prod		W
Condenser		30.00	-136.				2.5891	0.5777	0.0304		2.0749

stages			T	Q	r_FT	Conversion	V_out	L_out	L_Prod		P_VLE
NON-react[1]		133.2	0.000	0.0000	0.000		5.2722	0.7425	0.0000		20.000
NON-react[2]		148.5	0.000	0.0000	0.000		5.4369	0.6919	0.0000		20.000
NON-react[3]		159.1	0.000	0.0000	0.000		5.3863	0.6445	0.0000		20.000
NON-react[4]		167.5	0.000	0.0000	0.000		5.3389	0.5715	0.0238		20.000
NON-react[5]		175.2	0.000	0.0000	0.000		5.2898	0.5173	0.0000		20.000
NON-react[6]		182.9	0.000	0.0000	0.000		5.2356	0.4512	0.0000		20.000
NON-react[7]		191.8	0.000	0.0000	0.000		5.1694	0.3636	0.0000		20.000
NON-react[8]		203.7	0.000	0.0000	0.000		5.0819	0.2022	0.0505		20.000
React-ive[9]		220.0	-37.5	0.2634	0.302		4.9710	0.0813	0.0000		20.000
React-ive[10]		220.0	-41.7	0.2652	0.327		4.3611	0.0340	0.0145		20.000
React-ive[11]		220.0	-42.8	0.2657	0.354		3.8427	0.0304	0.0000		20.000
React-ive[12]		220.0	-43.1	0.2659	0.386		3.3545	0.0333	0.0000		20.000
React-ive[13]		220.0	-43.2	0.2659	0.423		2.8732	0.0381	0.0000		20.000
React-ive[14]		220.0	-43.2	0.2660	0.468		2.3939	0.0437	0.0000		20.000
React-ive[15]		220.0	-43.2	0.2660	0.523		1.9154	0.0495	0.0000		20.000
React-ive[16]		220.0	-43.2	0.2660	0.594		1.4371	0.0556	0.0000		20.000
React-ive[17]		220.0	-43.2	0.2660	0.686		0.9591	0.0617	0.0000		20.000
React-ive[18]		220.0	-43.2	0.2659	0.813		0.4812	0.0680	0.0000		20.000
NON-react[19]		221.1	0.000	0.0000	0.000		0.0032	0.0696	0.0000		20.000
NON-react[20]		220.0	-0.35	0.0000	0.000		0.0049	0.0742	0.0000		20.000

stages			T	Q				V_out	L_out			P_VLE
Reboiler		350.0	7.127				0.0094	0.0647			20.000
------------------------------------------------------------------------------------------------------------
============================================================================================================
2018-07-09 14:15:53 - Function time
Elapsed time: 0:00:18
Total time:   0:17:29
============================================================================================================

> Working to remove catalyst and feed from stage 20, unfixing temperature, changing to adiabatic:
------------------------------------------------------------------------------------------------------------
Here comes the result:
------------------------------------------------------------------------------------------------------------
stages			T	Q				V_out	L_out	L_Prod		W
Condenser		30.00	-136.				2.5891	0.5778	0.0304		2.0749

stages			T	Q	r_FT	Conversion	V_out	L_out	L_Prod		P_VLE
NON-react[1]		133.2	0.000	0.0000	0.000		5.2722	0.7425	0.0000		20.000
NON-react[2]		148.5	0.000	0.0000	0.000		5.4369	0.6919	0.0000		20.000
NON-react[3]		159.1	0.000	0.0000	0.000		5.3864	0.6445	0.0000		20.000
NON-react[4]		167.5	0.000	0.0000	0.000		5.3389	0.5715	0.0238		20.000
NON-react[5]		175.2	0.000	0.0000	0.000		5.2898	0.5173	0.0000		20.000
NON-react[6]		182.9	0.000	0.0000	0.000		5.2356	0.4512	0.0000		20.000
NON-react[7]		191.8	0.000	0.0000	0.000		5.1694	0.3636	0.0000		20.000
NON-react[8]		203.7	0.000	0.0000	0.000		5.0819	0.2022	0.0505		20.000
React-ive[9]		220.0	-37.5	0.2634	0.302		4.9710	0.0813	0.0000		20.000
React-ive[10]		220.0	-41.7	0.2652	0.327		4.3611	0.0340	0.0145		20.000
React-ive[11]		220.0	-42.8	0.2657	0.354		3.8427	0.0304	0.0000		20.000
React-ive[12]		220.0	-43.1	0.2659	0.386		3.3546	0.0333	0.0000		20.000
React-ive[13]		220.0	-43.2	0.2659	0.423		2.8733	0.0381	0.0000		20.000
React-ive[14]		220.0	-43.2	0.2660	0.468		2.3939	0.0437	0.0000		20.000
React-ive[15]		220.0	-43.2	0.2660	0.523		1.9154	0.0495	0.0000		20.000
React-ive[16]		220.0	-43.2	0.2660	0.594		1.4371	0.0556	0.0000		20.000
React-ive[17]		220.0	-43.2	0.2660	0.686		0.9591	0.0617	0.0000		20.000
React-ive[18]		220.0	-43.2	0.2659	0.813		0.4812	0.0680	0.0000		20.000
NON-react[19]		221.2	0.000	0.0000	0.000		0.0032	0.0697	0.0000		20.000
NON-react[20]		226.6	0.000	0.0000	0.000		0.0049	0.0733	0.0000		20.000

stages			T	Q				V_out	L_out			P_VLE
Reboiler		350.0	6.768				0.0085	0.0647			20.000
------------------------------------------------------------------------------------------------------------
============================================================================================================
2018-07-09 14:16:15 - Function time
Elapsed time: 0:00:21
Total time:   0:17:51
============================================================================================================
============================================================================================================
2018-07-09 14:16:19 - Total time
Elapsed time: 0:17:55
============================================================================================================
Initialization Complete
Please check the logs for details
